30260
16386
21672
13496
7665
23480
13563
13469
2533
27184
21211
15976
1154
27552
20208
19505
19278
25609
10128
1032
18663
15650
25311
18828
12356
1169
9275
3514
23869
23137
12503
20738
7758
9137
10149
2976
19352
21929
28794
28713
20264
27827
9837
15460
636
25575
384
3164
1347
16582
898
25523
29029
1836
27699
24889
4163
10624
14506
20669
30016
18734
12788
3876
8576
23383
20222
29880
5360
1479
28084
14786
28806
18471
10091
2394
3530
17779
17532
13950
12181
16815
4914
18274
12312
10198
9703
19207
20513
11284
15465
11535
2970
24116
23715
31696
5970
16476
24185
21671
27649
13816
28403
27278
646
24308
20126
23281
9586
13102
20271
17598
31690
29227
21610
21948
12553
15113
23618
16925
24165
24756
21058
23126
6483
20061
12843
13102
19277
4136
15839
5141
14035
21541
19069
8120
19888
30594
26830
27346
15486
29695
27872
30021
20332
16801
6384
14697
5183
171
28557
17828
23959
32714
28923
5179
2932
29328
18390
5479
15608
27683
10487
8108
20335
29239
27292
14950
20108
15417
5826
30373
14837
29389
31958
19002
17411
891
1677
8466
28098
23717
21521
6339
9280
9661
25437
6757
17156
18357
18154
18083
8156
22966
12171
26641
988
17940
19861
24513
13731
15234
19780
16401
30944
16002
29274
2502
10005
28448
5897
16223
17819
22240
4627
17059
15591
21237
18480
12413
5387
28339
27824
12041
23423
16967
13665
25071
5666
10662
1459
30960
26492
26563
21786
3262
18502
2565
21684
15889
31276
8184
6188
19191
6097
6979
17886
3691
26132
27610
4668
7722
19090
11380
2672
31426
2923
29504
29251
1516
15434
6867
14653
13083
31903
5989
19213
9813
27439
11326
16172
13634
29391
5483
11198
32387
21612
31157
8121
2884
4687
14548
2120
12053
8351
27103
1394
6645
32552
7687
29175
20656
8282
15237
8826
32620
16789
1233
8165
23166
6308
8213
24842
386
31367
13025
18310
6314
24437
26144
25579
3158
26657
26187
17694
13029
18493
13276
22269
16587
14908
22534
5189
17124
24669
20899
4019
4873
14053
20078
6250
31456
31659
1138
32149
30968
11994
16322
13645
23573
4339
30827
27325
10440
16913
1191
14212
32067
26225
15187
3162
26476
29745
6819
3319
24880
3672
18197
25393
26394
4375
30371
19812
23844
13135
7229
27670
13773
24914
26486
4827
3947
13550
27774
8311
15299
11944
2128
8771
26071
5189
21804
18130
18943
6287
17224
25555
13371
12373
10691
4921
14536
14516
25562
11162
23281
21141
20062
6101
5672
6007
14693
20984
32085
2927
8769
1377
25710
28780
18862
7203
18504
24256
31311
15275
26797
18140
4956
29859
18606
16475
11157
10774
2362
19011
24698
29653
20976
24711
9661
26
15410
2768
10488
14444
29819
18556
7580
11714
1522
32231
1321
4075
1087
18154
18341
13357
1949
21154
12359
28461
12080
11379
8819
17934
7578
5708
6891
15069
9161
22572
20803
14381
3602
10469
3477
24574
18308
5152
1655
16868
18294
417
23338
15461
32099
16844
32276
3490
12024
17256
9072
22330
31850
22180
2117
6507
32525
8535
9620
27002
13859
10380
9174
26453
13809
4926
8870
13944
19737
2656
10426
32269
5155
23073
20503
13399
7005
14445
645
14672
10981
21687
23105
1169
18692
5366
31475
27251
31421
9197
30431
15476
29350
13488
5215
18652
8695
8036
1937
32160
24545
15174
29773
12934
6945
6639
19546
24202
18900
2006
24033
15488
2957
30230
9761
8956
12709
12657
15461
4975
8658
2709
26931
17554
18171
21407
15815
11272
1099
22238
16320
19263
24197
10969
32024
17303
20375
1939
7257
30150
30833
269
15630
12411
9495
19213
15480
12865
22261
27166
12931
678
18804
30168
15096
26269
9418
20577
24308
29730
21270
30516
12953
2332
11180
20769
31491
10631
26797
7573
28798
2258
6876
26908
28918
17030
4012
11044
13999
1577
23966
28932
26422
14946
2761
14909
3735
23390
442
27135
23248
6257
18559
29167
11142
29953
11775
6695
18935
28832
24973
2686
23856
31352
10428
30986
28287
13292
10100
8676
4652
18044
28229
27691
2148
20713
17148
24652
27254
12186
22388
21376
14402
9279
25263
27798
23021
8372
20517
26098
27098
14632
31068
12502
23254
382
7609
24032
20115
23027
3222
28372
12376
28418
13717
30108
26614
28805
4915
9357
14590
17436
9120
13292
8753
14034
25550
16561
20792
29182
199
2186
32406
14184
13125
10019
17882
10413
31100
14501
19993
7653
9019
1405
22171
20354
25651
7006
31701
22395
24726
30601
18583
19883
26597
9804
26503
884
20995
31688
2254
8871
12941
18936
20497
13224
22126
14319
24227
20173
16301
7777
19961
32008
5002
3429
11870
3014
11978
24441
24039
22550
21583
32199
19370
21774
10731
14759
31531
20842
30582
24420
23575
16503
23582
26179
18997
2608
28159
25025
18841
9894
30708
6173
21275
2213
18860
25110
17671
7060
19968
14326
19478
22685
23427
4047
22685
14094
29531
28933
29701
31743
25168
24844
2683
11574
30755
3443
31976
11079
18721
22306
3876
14079
11767
8928
1639
26115
30152
4888
3072
19125
32381
3804
10313
21335
10077
14890
27098
9331
20957
17262
3325
29306
25785
10825
14178
7851
1347
25489
7188
6966
31483
32409
7084
23202
29025
12210
13509
20076
3079
25585
22703
14577
234
16947
30824
22157
11522
15711
24007
8709
22296
7147
9467
14370
5336
6306
27188
7839
1575
164
32672
29254
23223
29358
16281
16469
21976
9115
20253
3878
17553
19499
25726
23055
6639
9220
26202
1160
9629
3574
30414
2187
6325
22915
16103
25665
19670
15775
3673
2778
375
28852
9076
23740
890
489
12115
27361
29444
22436
27223
2426
7053
30541
19668
30169
4659
31318
16393
5005
3668
21624
23382
1231
12379
20287
425
8733
10970
24264
29498
5412
474
13258
10104
6883
21615
11987
834
12558
25743
6356
16219
12976
20771
17632
4888
10261
13919
32561
30556
19943
10319
28012
5574
6039
15283
17445
14377
12542
4365
30118
19517
17221
5624
15852
20372
258
28859
12275
14287
15779
18974
10292
11025
5136
27005
18539
7348
24716
22298
24733
8763
4572
30903
26970
5256
5548
23653
29504
20816
25646
9623
12224
12491
28420
20602
30501
944
30560
16265
28625
11616
3946
18268
15050
11873
19170
11456
18806
13071
25350
18701
16547
31374
20918
18612
3274
10755
10198
14360
2965
24580
8948
21151
28318
7245
17962
18440
15226
20404
31302
27647
3318
10335
31017
1006
31136
28212
2157
10007
17290
913
18251
25824
13642
24125
5051
9581
20549
3231
19164
30836
12334
6958
26775
17997
18377
28201
19071
5961
23285
25480
6652
25925
23017
20786
8617
11135
446
13168
4602
10408
26158
8098
31010
1850
18587
20273
29236
24587
24658
22212
20360
19235
30738
23991
17504
29386
1224
27081
20939
23782
6557
4884
31434
24196
23858
13379
946
28085
25642
27391
16593
17819
5354
31914
14420
4291
30876
29520
7016
3509
7546
1754
23200
25034
28233
9861
22935
3646
8995
13971
1494
15238
12154
22081
21752
20196
20826
16888
28172
32312
9710
9671
570
22041
26438
29713
6314
26148
14167
5251
20897
1940
7236
32585
25837
29204
4572
6274
24452
4817
21603
24561
25704
22994
18581
18677
29901
29068
9448
20155
894
5297
16402
6322
22397
30282
10443
17215
489
28677
27348
8371
27429
27344
9528
1658
15159
13734
21970
31380
8558
16041
32271
21834
16200
25202
1269
11033
14994
17829
31332
4851
15057
27848
8092
7335
21985
1621
22784
2973
12252
6925
27930
10694
21054
6288
13534
18131
32326
27179
8499
14245
32415
5105
14767
27141
15423
1037
30882
24726
6800
3670
10327
11015
24269
17956
9622
11917
9903
10850
11117
21137
12874
22501
3121
26022
1329
13820
31679
20157
8929
20809
20231
24220
27229
22735
21708
21900
21781
29003
11173
29010
7436
21192
14664
5985
3642
25710
9991
28494
1840
19099
1947
388
27898
6965
2593
11833
5705
11326
24162
4257
29138
12456
11863
8801
27633
5995
20717
13126
22418
24790
6661
2359
24145
24098
27583
15464
15328
3917
27896
9169
18601
4902
2321
26079
6069
23972
7410
361
11213
10363
30031
25317
2015
20977
554
23004
7843
7662
25498
667
25981
3411
13258
30764
3750
16269
12868
25220
11911
4714
13424
13566
20581
29739
32599
12552
15939
7130
28333
284
4
7134
3343
32755
21969
716
393
32757
12730
32384
30299
9971
29856
13677
23805
12824
29266
18993
13152
13853
246
15724
11895
12221
6059
8659
28150
30825
16492
22144
7514
29500
24887
15244
9769
1585
8303
5344
22395
13204
26752
3912
9913
26550
20161
7114
28069
20197
24990
5429
18842
18331
8694
25596
21
17654
11202
5189
3189
13672
20984
4670
15103
16816
12719
176
29989
30729
131
24022
8968
14241
6715
27247
17979
28748
4521
1810
12746
2682
18642
31682
891
2919
21583
24002
16979
18833
11763
1962
18012
17775
31406
22459
19878
31328
26545
10352
25228
15330
25299
14165
30520
29444
12852
28188
23146
20510
12064
16878
26996
17599
10294
7423
9098
23015
11977
1637
568
13942
21382
31786
15156
27109
5719
13216
20310
20276
3464
13300
2789
7203
2089
32518
23316
28837
12211
15480
7372
31378
27886
6918
18604
412
5137
23573
8271
28548
7211
15758
16589
10382
26051
13804
16004
18482
21691
13972
11800
5652
16763
26725
16056
18230
1355
5777
18851
24428
9727
15275
31467
18193
25818
25857
30585
26873
13485
24619
9298
27814
23359
26340
29465
24767
16881
15641
22484
27069
14754
30016
19443
18664
13777
20203
654
20354
17153
25501
12782
4674
15458
5596
5711
28932
1197
30343
4580
18110
18000
5226
3612
21942
32459
27152
548
17394
22874
24024
17069
15344
7380
2123
32495
1432
12499
13485
3821
11119
32277
20434
30459
13
11810
14644
17534
6097
3631
10818
10228
2771
6467
10234
28724
4890
28056
12985
19190
23312
12612
10322
28309
4146
10776
3166
4372
3596
3273
10964
20576
13669
18253
18650
28628
17335
19080
22490
3842
16098
5928
24279
15793
18720
4558
3586
4386
28988
25198
12424
7832
21247
25336
28847
32534
7148
24888
8737
16491
18477
14331
1671
26476
11212
883
16474
26497
7206
29916
26614
13155
19869
2400
30449
19235
14734
10296
32170
27503
8323
27669
22309
16913
31913
7102
20246
19384
30852
5626
28219
16123
15841
13488
24815
10395
12556
27469
11261
7432
27716
9318
9138
8999
3948
8863
22838
15443
14339
26827
29212
11682
13654
27988
7735
28265
19700
7389
8111
24578
9059
28711
6485
13004
7441
6449
5940
7284
19341
2980
1384
17267
15095
25709
2356
984
13238
29868
28750
29000
17512
29645
10877
14915
10271
7412
358
20648
23754
15263
675
31612
32241
27527
20502
13799
14246
4039
19069
32639
26040
17727
19014
458
13097
21563
23204
12029
19938
25936
10978
15882
678
32135
10744
10202
21829
1470
92
2519
26898
24906
23578
4526
19862
22497
17191
22099
902
22200
24562
16965
19955
19688
31805
29459
9153
10006
7723
12831
21850
11859
31642
27298
15011
20033
14258
16624
32048
1655
7870
12030
21172
2855
21563
18977
15291
22782
10031
5656
6811
16460
189
2381
13991
11109
8437
9816
32679
9287
7665
20165
9605
23933
22813
13079
22601
16963
24278
1036
17479
20970
25655
18723
7831
19070
22319
92
21958
26279
13527
27455
15051
13005
6659
11551
13885
15743
16920
7840
24003
10006
26653
31351
32203
21653
15892
18289
27519
18900
28298
9143
13044
28382
23661
21840
30117
17559
5406
17383
3361
19618
10439
16335
17920
10369
23791
14916
18203
13310
27979
21236
30973
7882
20183
24254
404
18789
10534
19385
10284
26941
31222
1656
13727
14362
5896
17548
9413
12985
559
22603
14130
10935
17318
29136
16929
12210
16038
28995
18347
5034
13368
11867
12349
3757
26697
22816
14408
17843
7420
22518
26170
14535
22596
18135
7342
23655
10161
31712
7391
25134
22154
13583
3427
29872
18973
21323
22806
27302
30803
18084
31316
13643
11399
4061
1643
3589
3736
31527
3407
10056
8253
30768
8592
25783
9369
13148
7306
24205
9744
21586
29404
13372
3672
1467
11547
29268
1235
10822
22727
4005
1820
25328
1405
17832
28640
19074
8815
18459
24559
2651
20498
8172
15762
11375
31254
11608
15904
20112
19867
5460
11724
6893
24482
7724
27073
10712
6081
16234
16497
12492
13084
26873
11305
8878
29584
17802
7145
9555
20273
31799
15988
67
13303
13670
931
26812
13236
26353
18430
20218
11337
11140
24205
4278
16410
10566
27884
13549
12991
19387
19870
5346
32253
21737
27811
5734
13044
2489
21069
23383
31641
32161
20559
2663
20583
16768
1303
5406
13906
31177
10590
7971
6397
8164
23549
27319
5420
29393
24578
28290
18300
23311
259
30866
29522
17852
4530
673
5649
15101
14514
7062
14992
13216
32681
2639
8395
29184
22679
3486
3544
25129
3430
23953
22557
17725
19906
20983
961
11287
20266
21023
864
1325
13127
29155
28931
16827
10365
24549
21327
22046
30913
2329
17148
6525
31402
5508
1161
18607
6346
8771
27182
12377
25406
23758
4627
16983
24452
25470
21695
6750
2701
3917
30675
13791
16659
2782
30968
25390
557
23229
1302
11235
16417
15079
28615
16001
13177
30093
16139
6997
25689
5909
7997
2209
24079
9058
21317
4602
16620
12373
29968
5871
9810
2451
6717
11499
2831
16777
12569
22621
13289
21422
10702
24853
16506
15368
16343
17905
24639
10226
30647
5050
24043
9244
9451
9033
29953
27603
3101
750
9633
15747
30106
3858
31394
22650
17414
32282
30178
2030
25423
25487
5850
24386
9183
28284
12150
2949
22038
26392
31523
24124
14839
12197
11305
30049
5921
19608
25403
9387
4353
14330
17740
1040
2887
1038
9125
18313
12950
4404
27189
17429
32128
23309
18472
17920
14769
8416
18107
7269
31082
27965
16974
32242
30002
16608
31162
10987
13768
25815
10214
28785
6747
10216
23445
28933
3837
2861
386
22088
1878
8705
21679
20484
4501
10528
10490
1136
5548
6409
17393
21936
5309
14247
14311
8348
31951
27953
30024
22722
25798
24655
1577
9646
17554
7550
10275
25961
32166
19893
14434
14399
18348
16457
9721
31173
21879
19470
24184
19227
17977
19391
26817
4719
14070
14751
8727
5058
2104
11873
20856
1775
11269
18245
1325
20201
4110
14213
28319
13892
30761
2287
12396
21751
23809
20435
21178
864
8972
22047
20940
32392
15806
457
31443
8617
4861
31341
2822
22765
13012
21048
17652
12665
14187
13828
28697
10922
24887
26820
30384
11422
17262
3619
5577
18423
5310
2152
21403
8923
30782
28061
12315
14143
21157
22512
17358
18022
32698
5465
16603
9636
31755
31357
2660
18536
22242
23763
22038
11130
117
30725
3071
1408
18525
17049
22688
24775
8265
30160
9540
576
30452
19662
27280
16841
16212
16124
4442
14254
30741
14763
21951
25456
18245
7418
24687
12229
32337
32761
2636
30687
6704
14
32308
29169
5086
8088
11546
8944
5388
30675
18524
16279
25878
16892
13904
7853
8757
31669
13600
8330
6902
10922
8153
12248
23530
885
2494
16279
17823
30655
9186
27235
16080
28584
8438
5882
22233
12905
2911
17913
27757
16952
16780
27878
11403
12141
3206
627
32174
9954
1224
8193
11077
16287
14674
23652
25954
19383
19705
17382
26806
12397
32257
4494
25277
2459
19437
3490
26166
7253
12182
13674
982
23753
6523
4151
23357
2921
10840
21924
14377
11597
23034
18716
4074
25554
81
28316
29462
26504
29895
31930
18301
10827
14288
12263
24159
25775
23234
25329
15069
4770
6632
4300
7342
9036
23761
9105
8979
24634
4334
13511
7181
20412
4701
8930
21453
5771
5887
8201
30828
7343
20432
7708
26076
31136
13432
15350
28191
27564
11549
6127
29110
24216
3708
11173
23645
17802
7224
5373
23029
19495
1393
28772
22466
8952
3993
10331
9686
27410
25475
24114
19661
1270
12477
20499
27579
18102
6944
24643
12899
23897
9893
8613
19370
23937
5499
3456
19531
18251
27734
18049
31179
375
4361
3332
32176
4041
14167
18575
22766
2222
4102
19103
11170
3619
28214
11944
9474
19923
22257
31575
12180
19583
12035
26906
11679
163
31500
29154
23008
87
26067
3624
8317
18035
221
17198
1087
21238
29503
26247
25595
10921
2736
15065
13393
31231
25314
18914
409
24384
5907
8121
19995
8166
12767
19286
8318
19784
20312
18517
22148
7285
9560
13815
4084
30051
26134
32618
17879
32073
12536
22858
25062
8265
1448
14439
27204
24146
28010
9673
5481
24389
20141
5105
23134
4694
7903
6498
20784
23734
26246
13408
30623
7023
19341
31736
11798
31887
5595
25152
224
29576
25131
27616
4504
19671
30487
209
13537
9444
28789
14949
6232
17961
13543
21128
1223
12951
27054
6213
4252
23605
22719
3468
22169
20747
32025
4658
1228
24126
10581
16441
22466
28284
31871
23890
22008
10138
6436
1440
24466
2940
21164
29631
26191
8246
17642
2565
25021
25456
2546
263
21417
3343
555
24415
28890
25874
25253
7853
16895
12473
32172
8668
20709
31469
31133
24743
13805
15324
27128
27739
6590
9188
32439
12766
32567
3506
15838
7408
27047
23467
31572
177
13121
17546
753
26979
10186
21323
10456
15218
14229
7753
13319
17329
22193
31139
22316
7399
23649
10467
11194
3722
30412
21474
25405
18634
1782
17126
8939
8658
30959
9742
15739
14410
27723
27632
16186
7968
16593
27520
91
30344
23416
25908
12686
5697
14223
8037
5845
11546
6203
8697
25747
31158
28198
21823
29414
140
17782
2074
15159
25393
20476
8546
21520
15578
24494
135
24365
10269
25944
20855
7637
20983
18318
22466
8043
15891
9701
29948
15936
8265
23651
28260
24235
28518
23347
13762
9308
5419
9885
14742
4589
24472
4918
110
18106
5994
4692
5016
20211
24546
8901
31993
14831
17352
14785
23613
27331
5040
14364
22321
22292
31100
16320
26988
10281
25890
32091
22325
29252
13999
14933
18337
30259
18828
19205
18940
8482
17664
11556
19050
16051
22007
27266
14798
4433
13826
5111
27883
17601
9118
26781
30410
28409
12217
32060
603
4918
1138
30726
28510
23369
2337
13445
13956
31537
1943
25553
22738
29423
13991
32006
24135
8854
19941
4597
10174
25762
1709
23578
6166
8842
11879
5583
22671
6041
11786
29630
15479
13817
10975
21148
2055
25105
9352
27925
7816
30737
13376
11778
23481
20426
20836
29410
7285
12996
16179
21128
14993
30858
2002
15377
4
15689
10386
537
21834
26265
21366
9775
12042
27291
27120
30853
32502
3396
5356
24556
11250
2040
7695
24064
21881
20315
28225
9120
26173
27492
21865
18850
14862
5555
32631
452
23293
4644
15016
21477
6593
30116
29445
15221
1370
20291
1838
14634
1524
26507
23125
11508
7949
2576
18317
3124
7386
3401
23109
18473
12519
3230
28687
30890
16895
2242
10151
7963
29515
25155
16688
5530
9917
25184
21440
32377
32432
17946
31775
18417
8904
32654
26828
6164
19488
8577
26433
13572
23716
10557
22136
15715
1467
6812
8878
17674
16938
8802
11879
10750
10037
13007
19634
13727
20742
20085
12462
24099
28243
30024
30285
15427
12092
26612
10328
2356
7026
13683
26548
14553
5022
18142
6115
1079
513
23939
13517
30761
32343
14137
13761
23637
26882
19696
8631
1630
16740
24460
14552
27996
15245
18164
22336
4489
22806
14181
29954
3132
2380
28941
26476
23580
5266
3541
18317
16781
22272
24958
8693
16239
3664
8175
21436
5128
16123
15821
14534
15934
29855
16205
3908
25354
24996
26950
13438
10025
8735
2187
7889
20757
9718
17271
14579
18227
1606
10697
639
15950
18945
30386
6573
11332
24028
14637
4704
21247
17256
22159
15975
30631
15230
7007
19196
6678
28641
20071
22417
16525
24607
31243
27085
11173
5560
24538
25297
1672
25474
19043
22975
26464
13388
12618
32637
13328
11458
25499
28598
16163
9361
11357
4898
12545
15051
9579
30472
4457
2444
11391
15873
1307
15582
11920
3582
5077
4314
15710
8076
2689
31504
9035
21079
19885
809
26988
27373
12347
3787
992
24005
8794
9405
6240
19328
19637
27468
4888
4718
27626
26093
32181
6484
61
13859
19648
14189
9614
25507
5930
23982
10120
28599
27688
25934
9756
14304
15169
10118
24109
27583
676
17046
27277
6709
14272
12296
4393
6602
7695
4152
28800
20555
50
20244
8538
7607
32579
1569
8374
28253
27751
16319
5636
14398
24738
32685
18836
26552
1776
13519
24399
32614
19601
30767
10661
28482
27556
15683
10438
26380
1015
22382
2581
10224
13854
30920
15321
6499
29890
3618
26934
9550
60
7237
29277
8046
16482
635
13567
15354
28833
18001
14599
22919
21069
19610
5512
8746
22836
9143
8692
18396
1657
17174
18320
24610
26016
25593
1828
8941
24549
22393
1783
4286
22994
32202
15610
17423
20240
17088
2372
29167
24702
17298
21694
24044
2176
479
2080
17717
27034
18414
28444
1280
27453
8762
23512
42
6368
4654
7842
2077
30547
24109
9696
19703
17488
8917
23109
6377
21588
2437
2891
23260
684
18460
32733
17499
26579
19972
32595
32429
18939
17008
26276
15169
31722
14305
7639
9040
7687
14575
443
27325
30133
4678
5592
2624
20191
32239
4773
25795
7124
5073
9212
23564
18262
9079
27594
6301
27885
23315
7435
2264
27522
24515
17142
23399
1576
15124
2164
30939
1853
16837
5079
16531
6578
22477
19145
3296
19623
13726
4738
16998
30011
4780
24639
28358
25250
22825
11759
14970
6264
18195
10031
12800
852
8305
8824
10810
23457
22234
14999
17429
10921
18998
7262
21353
9715
1737
23706
11552
21711
9325
27205
8347
13359
11038
28924
8273
19640
8380
16307
23993
28441
9229
1959
23659
2716
14594
1940
16514
20986
10811
30504
23620
8820
9164
18104
16645
24863
27458
1843
22344
17024
22753
3668
16936
12376
30256
11035
4598
16833
26040
32381
2596
31098
30728
19547
32353
16000
4604
22705
2822
17118
18495
9488
11441
19653
21519
8782
31535
5599
17728
10876
2976
13537
5508
22296
15829
17760
233
1924
30973
16869
18339
11191
7041
17475
15628
10035
8748
8232
18409
24630
19087
3059
14319
20277
13476
19397
5254
8838
18353
4827
18636
19037
24175
3867
20701
249
32364
21228
19538
8991
7854
4427
6663
27848
16793
24604
24866
28183
26131
29885
11088
19597
5093
3809
29778
9344
1892
1436
21177
7881
16466
10938
7661
3774
30719
30805
13684
11360
17075
15527
19825
16085
24656
14364
25707
19224
52
25003
18000
6895
31837
17767
16570
12317
20432
12625
27760
30681
19515
9329
12336
21120
21209
13349
24748
17287
5270
23480
8658
23987
7540
27190
27984
16268
12077
639
25176
13327
12058
24987
17056
19363
11091
24397
16558
334
15128
23787
850
16425
15983
5740
628
23825
16655
2499
8463
22688
1149
26732
10366
32091
30069
18244
2295
11821
4235
157
853
30997
31250
31890
8218
16923
19773
21400
6068
6792
26244
32598
4095
6230
11593
3511
21260
16870
8380
2621
25377
25073
11260
4504
4096
22465
1407
17271
29036
14241
7603
1694
27370
20370
24805
21304
7365
25663
20579
30575
26196
14899
14045
2619
23935
16202
31761
119
24448
26725
23464
6202
7911
5986
858
3684
21217
7500
23641
21111
27577
11470
1005
11433
28831
20718
14171
2615
27305
15352
14092
25595
279
695
25835
29505
10971
6123
8719
10455
6489
7160
12186
6755
16491
21724
5857
23033
8104
25187
23757
27629
12518
670
1153
20198
8189
31377
9532
18996
12238
30508
6017
30308
28804
31357
32118
13329
11034
10531
10891
1277
9758
3078
11867
31584
10164
6725
1751
13183
22749
8048
15777
2945
28153
20984
29878
3454
14475
11747
9808
16346
1597
26564
7179
20433
28964
3051
24902
19026
1348
7641
13516
22289
24407
19447
15796
10712
10442
2951
1925
7709
5385
12506
2462
12506
17404
22467
15829
19609
11729
12365
2655
7118
31741
937
752
21866
29565
1386
17698
14253
21602
17653
29723
9532
21132
21298
5994
6259
2998
28808
24883
24828
7859
22281
8076
24481
18422
29929
23846
13406
10072
11061
30000
4795
4886
25793
7800
12377
7193
6499
12756
458
10107
4446
12224
14757
16710
32033
18760
15834
3199
13618
28713
1860
29795
13925
12851
8061
752
11857
25585
12534
167
11268
24204
23879
16785
18678
21741
19907
17280
24124
1058
12880
407
6654
17155
8822
8460
2347
13589
5301
23341
26987
9390
24604
18593
22358
18522
31767
29169
11491
30590
29321
18759
9251
4667
14362
29045
4655
8341
24275
30264
20063
27861
22248
22974
6588
7467
12756
7015
6840
4248
7083
7113
16669
779
32428
502
9796
15563
1302
1537
15751
20756
27966
17598
26872
12293
25565
202
18004
4026
22702
29899
18482
28853
313
6905
28544
16770
32233
3550
14640
26010
21861
26201
5167
9097
14877
15081
29591
15948
20003
9256
20773
15869
22845
27286
13293
11186
9528
16792
3916
17570
29823
13249
3615
26761
18156
9295
7730
18254
24797
2553
20476
4579
18571
18152
24201
12910
11671
16899
29623
20390
28390
9583
31909
8063
12975
26198
8809
19721
17618
31208
15105
30101
12140
23456
18060
283
16808
18633
19643
23000
30936
21824
11906
18235
32708
15739
16403
28674
14401
6602
16140
18337
774
22237
30959
27363
14780
6023
13780
12243
3924
25537
15194
27869
19101
18674
31715
15153
3862
20334
17921
14440
10241
26940
2091
2922
2488
15900
31925
12431
32068
30920
20991
20740
10796
31099
8940
10609
29323
4528
21397
17368
21861
11564
9791
2241
19259
3134
7307
27540
20701
29510
30957
13894
5248
29556
29791
14391
30992
12498
31831
23643
25544
18821
3318
27289
2047
16976
31618
30832
9541
7257
17686
19680
27566
30768
13720
15240
31342
27149
31468
15116
11430
25433
30823
15033
10366
21872
28295
31596
25716
29094
19169
28591
5876
10888
13402
26406
17448
23140
10138
2346
24081
13067
14270
25267
10967
23253
18253
2939
25949
23270
19822
9824
19481
17072
31576
16650
4643
9401
22025
22223
26251
20638
6203
31443
1520
28249
28820
28020
2638
24255
28701
8421
27928
1356
15605
28952
28551
24355
23879
4834
23857
2897
11897
32346
23773
10322
23718
22658
17302
10966
28239
8233
7678
4549
14413
8719
25573
7040
19978
30795
2586
24682
16881
6378
26241
30375
18979
14297
6758
803
7532
5
30481
23510
7285
26560
4251
8007
6971
9319
29440
25935
24255
321
11636
27936
8960
7595
10235
27781
15654
22130
30516
25708
11776
24193
8821
7841
14512
19132
4125
14556
20901
5419
3110
24830
31178
23387
7418
9880
23037
23553
6792
1453
12995
30689
15254
3769
29754
14830
3417
20465
4687
10931
2371
25549
26928
29425
15644
18628
17925
4490
14676
26198
26587
10397
14744
25424
3296
9715
15267
12620
24534
19098
30807
29047
22978
21967
29452
5783
27620
22306
4904
26700
1516
27604
31727
19349
19563
27524
5789
29847
5000
18442
690
26010
29172
9380
24718
24405
32
26704
10813
9835
6061
20344
3732
16949
10020
16596
637
6338
28135
27021
31887
3100
13415
25758
3810
31949
21656
29056
21281
21922
9890
32262
23776
1199
9690
1926
9776
1427
25072
5945
10865
24830
4201
24036
9064
17776
21072
12984
7314
7491
553
31095
20663
17899
7719
13273
1473
19581
8863
16942
23247
21358
26811
5956
15494
1437
23923
25483
29607
14996
9401
31607
487
12299
31988
32038
16635
31918
30384
31043
30706
8225
21652
9002
23239
21568
10132
19533
10295
939
31592
11990
22992
2434
10044
19342
6731
7789
5801
24317
30235
5856
7908
12755
31302
22173
13365
18566
13684
7546
5035
13885
20293
4452
13583
5869
10728
10660
6422
29889
16874
24417
18394
7360
16459
18278
5003
9898
29399
31014
29538
13346
7859
26365
2775
11026
24887
3001
12564
28492
4859
4441
3241
24429
24885
21781
6017
6407
4418
27806
7957
18431
8834
4262
5343
1331
17001
4259
17170
2144
18131
13264
14728
12612
8856
11125
1788
11263
2145
31337
4729
13503
12218
30165
10514
16028
28776
17210
5076
449
10236
30646
18937
13517
7592
15491
4958
30073
22610
7360
12088
9338
6887
24692
21250
14505
31474
6352
5562
19809
17773
16820
6988
28712
9686
7285
5199
29074
17286
10206
26095
15715
18751
22900
3626
32244
2820
31742
6208
3800
15917
22341
13668
702
30650
1305
19896
16537
25832
6036
7544
31743
29186
29859
12917
3279
21370
2753
24006
27159
9528
17158
28090
19509
5170
21601
17425
14908
17981
23586
7275
1689
29730
24507
5888
32502
27125
7111
23442
21342
24994
17483
26784
30882
27593
6716
25309
2556
23244
31298
30944
28147
25638
18620
12061
17022
27646
24324
10260
21612
12027
24052
15560
9731
15963
2473
31091
18664
575
4742
21112
3903
13897
28540
9625
22546
5225
11657
23402
31479
8692
22655
15621
5869
21239
24839
20992
18568
30666
9189
23196
2894
10472
30334
14911
19040
9469
23703
26149
25693
21825
19295
11346
9859
27653
7600
26315
791
20875
7570
28421
1799
21275
18177
26014
21199
18515
10224
8779
6809
8895
397
24594
29096
7082
3783
31161
25846
29747
5133
19070
10524
31651
7257
1800
24435
20477
1902
8862
13945
3287
19806
5271
26998
23657
6990
4625
25439
7908
11645
4070
2298
7173
2691
8412
28227
29417
983
1052
31503
15395
8084
30694
17135
4620
20349
9346
5207
29530
6462
13178
767
13300
5109
26374
29066
28677
24304
17864
24166
13647
30136
11961
30707
22211
1359
26980
15335
7758
9911
1618
9713
20725
8883
9157
12700
14628
8914
27305
13175
11075
29608
22471
19827
14475
15455
9532
652
1048
20335
26665
11691
28223
30889
13997
24523
2593
27770
27152
26971
4480
15470
20801
4836
19154
29939
26499
18668
5524
18528
25443
16154
4321
27445
12781
20123
4163
1444
12831
5059
21193
24145
17566
3832
12378
8791
936
19660
12616
28299
14154
22889
17448
32260
22995
818
1506
8667
16520
12455
20484
26159
15513
19849
348
2156
18516
4927
13509
8909
5273
12409
23105
12576
2702
5139
26184
21194
5523
24380
2912
28170
18809
17111
12782
6274
14574
19489
8780
26867
4156
25749
5403
5704
18484
2317
7643
2006
1380
31785
9145
15074
30609
30708
23719
8547
19809
8901
32434
24074
4183
19300
7056
384
32004
12398
23161
11503
11132
22267
1081
15811
7176
13437
5506
26290
31770
12268
19334
23033
14214
15904
24261
26857
10734
7550
24612
15523
1150
29910
27712
3104
15322
22924
10497
29556
4693
246
16754
20563
4708
8454
21456
18388
3410
17449
1505
22901
29237
5230
13190
9055
4384
25067
27540
15340
7834
26717
12000
17511
2895
6158
9625
6419
1030
26108
16091
17006
11731
26423
28288
2998
29326
15243
32058
25261
29059
2911
7903
25754
26731
7389
17155
15504
10396
17491
21452
14066
27772
13273
22274
11831
8507
28213
9574
13547
30914
24827
11333
8438
22502
27129
27980
23585
29922
19409
12446
7638
14852
21992
7460
29223
16550
17279
11044
12819
30816
5664
9494
20740
20092
28476
10931
9115
27050
11538
27214
944
19957
20178
1127
30101
31990
25603
19838
12955
26184
2850
25125
15576
15420
17292
16729
24615
205
5790
24850
17519
24278
23578
28953
29993
9090
7628
16410
540
27652
24174
30458
7531
23433
18378
7786
23250
28011
1054
8893
29741
14248
18116
18934
14138
12690
18450
20518
159
21192
14464
7669
26671
7780
28424
19838
617
28278
22227
29024
23361
5042
24593
21009
3620
7525
30761
5494
7990
23982
19730
1201
31198
32234
24576
25659
14468
14192
11076
4658
6553
1151
24429
24308
17880
23924
31668
21484
19404
22080
17815
23724
29843
12314
25539
1596
21985
13169
8247
18610
17736
26149
5543
3843
4278
29174
19486
28953
8255
20285
2280
21542
25884
2010
21935
25911
14836
9837
740
8716
6235
9673
10593
25639
18329
29861
28492
8739
26796
24981
5182
23367
912
825
2212
24923
31165
28852
5222
29882
498
24160
20679
26281
4401
29377
31117
13799
21770
26551
22881
22918
8989
19447
21880
11768
475
30907
23667
14445
11916
4025
15492
13405
17558
5458
9427
8032
27132
31501
22048
14150
9509
11843
18089
7780
16351
32540
15694
6700
23459
29626
10227
8193
6939
23475
12582
9289
1249
14277
22785
24515
906
18885
5458
32538
9955
24793
15610
28859
2682
13799
17043
17636
1376
27725
598
21502
1838
2771
10043
7981
17990
221
27489
7973
9051
3046
14257
30015
26164
4393
26303
13004
14252
16289
12016
10921
31998
3636
30690
276
30783
27180
7944
28093
21036
10726
28565
25632
28966
6094
20892
5651
16763
10635
29813
1179
21223
14198
30818
4868
28507
18513
23410
20529
3836
17718
11686
27184
19823
10701
20563
17
17492
1218
17607
17913
28432
23670
20015
12146
31696
19445
27321
5125
11723
27689
26613
523
13511
23885
5761
13248
7646
1187
24805
23193
16770
21098
18876
13528
21183
9227
5397
8541
29632
5779
8472
9663
29589
23909
12781
6811
6451
28977
13529
29228
8124
11040
16042
19740
18433
8273
18774
20890
9030
20873
29919
30893
31557
806
20345
17864
31605
20821
26863
7326
32651
21637
13635
10551
11073
27164
661
3652
12119
30056
1605
19888
24536
11480
17756
8055
32671
18284
23592
10939
25881
7786
26919
21781
23629
5971
7975
7209
27161
27157
17066
11645
21694
6018
5775
12427
5535
9217
31727
30484
6213
27267
18758
1976
27303
7097
7379
14020
17064
15749
11841
16715
31970
16046
25478
7800
30882
29399
11532
31522
30003
2738
27918
5025
21600
23665
28230
24544
26164
4221
11717
17844
8708
1643
31778
17772
28848
1580
14806
21674
27685
4483
13031
23409
14374
27068
24004
1918
22605
7580
368
27100
10060
13204
1763
4787
21369
17465
31150
8033
1162
6393
31709
28363
3740
8966
12577
28661
22139
24215
25903
16081
19229
30288
29027
853
6255
15102
9641
18128
30549
17288
14493
13182
16107
18723
753
29274
6930
5060
2575
6963
3112
2779
7680
27394
5142
15934
3725
13435
13456
31587
15268
16098
8856
17107
1277
1824
21316
12763
23804
5910
17858
13445
730
26417
11929
5063
10240
32319
26673
13305
1203
17281
19606
6028
8182
14081
23673
31226
20140
1061
22392
5881
11774
8837
10655
29172
7420
30970
21038
12731
31111
14071
10140
25722
9326
22557
7389
16360
4311
1545
27617
12736
25313
19569
18781
21621
24967
21359
1485
7202
16328
5148
16314
20415
260
15201
2872
8859
31914
12042
12980
518
17680
26908
29932
27470
30114
7529
25663
24046
11327
23905
19239
15873
12768
11819
14852
15101
5755
17653
8731
3741
17447
23944
8670
10271
19840
24351
26222
6064
31565
17273
18014
20005
23904
29741
31162
1259
25278
4670
4935
25153
15616
23535
7949
11684
4857
9432
2579
10379
18073
5178
14186
24405
21009
7568
26220
1664
56
26470
20038
14363
1070
5230
4788
9598
13375
8913
30220
4408
27658
21955
27774
9545
23010
23898
29850
31122
15220
12448
22802
24201
19882
19943
16322
16433
29648
21852
10733
13642
23030
12767
18890
3780
5781
17426
20799
31610
3957
17328
7660
5149
9677
19233
26219
25454
28077
16715
19670
16049
29849
5546
31370
606
23414
675
10539
1817
18347
18965
15593
25316
28544
8242
21505
19092
17865
14477
28550
10113
2249
10611
6497
13698
14417
6527
11159
15641
14120
27497
7370
15850
7087
23583
30211
7538
29637
18199
21934
11765
32745
1251
9190
8632
10654
6150
23539
15985
14612
7174
3857
25852
3588
10946
1139
16719
24540
11270
6792
14000
18716
17245
19837
23590
8704
20518
1795
7469
28255
13290
6994
21165
25299
21229
5998
26669
17690
771
17577
24900
11196
23717
1385
21329
24814
8772
28459
10092
27831
12765
17864
14493
2641
13518
15351
8779
3282
488
7444
21239
30476
26053
17440
14122
19121
17756
1032
4267
21179
20178
25898
19958
27914
11412
23573
30186
5967
28322
23952
31682
17194
7726
29663
3910
13711
12133
14657
15682
30062
17805
23485
29752
3475
32080
3614
16722
9675
12631
2621
22938
14152
27931
2174
17261
24646
504
20637
13357
6895
29316
18347
30263
23420
10270
8019
27413
22942
9930
2658
32244
2332
13116
6791
6744
1469
7986
11094
31502
30312
12295
32403
25955
11146
21381
28078
9363
31928
5884
21642
22916
10646
5264
6530
29364
16887
19159
30382
24688
22853
4772
26722
22856
2340
10013
25848
17087
1874
29716
16848
4679
21201
7828
27028
14956
15433
31673
18369
30799
19880
27077
3427
5462
21771
16241
13088
28962
5857
17793
23671
26561
27469
28315
74
26661
19149
16729
31386
20181
3610
10397
27539
22755
25935
7717
1992
17182
19020
25439
15807
27016
29277
15486
21680
31499
791
25037
26762
5479
3715
6979
26423
23919
6783
14936
29473
26485
14176
26136
20213
1027
27100
28022
13991
17612
27688
5090
18870
19937
2653
3102
27313
18216
7712
5453
14330
523
28034
28237
458
10093
28965
4934
24949
482
17825
31107
21999
14367
19493
15745
2447
2991
15970
30534
9492
28648
14756
10484
21478
3358
1346
31646
23966
1046
6201
15962
30919
1469
8724
23448
15078
4890
6927
14514
18873
31106
8059
13252
12733
24331
6756
13245
1522
29507
882
32438
11490
6177
13325
19075
32480
5947
6084
15240
6542
14138
15344
17870
3234
17803
660
9303
17385
26712
31880
23214
21132
19639
11991
29889
914
1313
18277
30963
21414
11301
1237
16494
14362
8029
21929
10678
22317
26274
29355
22916
5513
7036
30860
32209
7440
25820
17612
18225
16600
23310
6617
3170
25204
26601
20091
19493
15478
30537
3183
332
13873
3007
25171
32021
9412
2950
11458
15286
7508
22969
6847
26425
15512
4036
20823
31882
1947
27417
29314
18127
18877
17188
2891
9463
5115
7040
11568
19862
16753
9835
14028
1264
9501
19319
4019
31059
17638
1667
23454
14763
17885
13034
26824
31312
28098
5882
23959
7202
24010
17320
27007
10712
27295
7297
32036
16277
13737
7140
19902
4284
27532
10095
10178
6
19442
2231
21695
32210
24202
24124
6277
8380
31057
6300
2445
11376
31760
22534
18581
31425
25893
15858
23435
31477
9095
1807
12204
15203
18949
381
1773
12609
1998
13117
21658
12983
2614
17638
19773
22327
11191
1177
11713
12817
5174
5430
32215
6978
11912
7632
20889
31373
5941
3423
20077
18638
26748
18101
30509
15242
1943
18612
901
20170
22336
9917
18076
8490
29555
25963
26870
22061
23158
3970
31129
29395
10007
5922
6766
26734
16437
22337
19435
16817
8577
18776
7151
9738
8582
17243
15341
10034
22759
20975
16973
3330
3816
728
6927
5000
20272
13232
27570
20314
3278
14559
28244
11306
30329
28871
2074
14747
24604
5951
7890
14931
26002
27971
29143
10577
10925
2281
31285
10625
23678
24983
5646
5006
22480
27764
829
5624
6390
23836
27960
7014
22727
24216
4667
27453
31462
22669
17315
14449
12615
5299
17816
4764
30958
22665
20974
27981
21498
18248
16973
12706
25827
8213
9616
3609
20224
11386
17516
30883
76
29463
22866
5882
18537
661
32662
309
24805
26844
7632
4762
19133
10886
20355
15539
9503
20115
4604
4260
24948
21086
14461
29371
30878
6607
27547
11337
1406
12243
14309
20400
26810
27401
28614
8894
22973
19135
25773
825
2303
8220
15210
31163
14214
22430
24540
28352
26541
30408
23497
13822
2852
8724
5389
25589
21048
16175
14071
8646
84
1893
19184
29512
27080
7770
17501
9049
32458
252
967
19058
1978
24757
5433
9087
30379
16101
11754
8941
29214
23695
11548
1028
32016
21075
9284
16503
24632
25756
10859
9785
14474
26650
32468
32659
20223
19059
16095
372
7576
4917
13101
29704
9633
28944
30725
18827
31539
10050
1271
5984
10748
28498
22463
9565
22338
8961
18028
1898
17702
17022
15553
30026
6950
10969
26843
21688
6118
4282
6932
10678
4144
4947
23848
24866
24377
31635
1174
10634
11302
31644
17481
20033
10446
632
376
18610
11714
30727
28619
31733
22411
30012
14527
20128
2354
19593
12875
5856
30726
30360
26820
3272
9369
14140
32766
14056
25868
3751
12212
1314
25740
19165
24361
3513
15389
19817
9232
8363
2198
22862
10409
9537
8685
32064
15662
30180
22453
28180
6253
11826
22245
25974
2998
8017
7387
22746
11767
24195
7073
7349
16934
8699
29550
18412
23775
24560
25968
27532
3407
25583
25544
29373
3408
20085
25303
16113
15573
12989
20408
21601
27785
18135
20493
10938
15283
23034
12031
30227
3421
1307
7040
31779
22709
18878
7123
18865
22707
4877
23119
23627
24316
19751
12128
5179
19975
1722
3278
695
32382
20692
11842
26712
5095
20726
13062
30670
1155
14699
1292
12497
22646
7127
12594
26458
25641
18963
5316
19220
493
14648
1090
781
3809
6906
20324
12722
12053
8504
18012
29946
7407
8144
9307
14049
1998
184
854
25112
17902
15947
15626
20219
23948
22496
23870
31939
10570
29857
2376
27389
7124
10395
210
10043
26308
4113
7134
25353
2243
13590
27144
9762
1777
29531
22283
28900
21896
20037
30855
25346
13244
27970
26882
14969
32485
12894
21548
16069
16607
7953
6247
27732
32177
31579
8582
29755
1134
29459
24789
25640
18265
7549
1626
2711
32588
8986
24411
27465
7771
30148
32289
22514
21940
20218
3835
307
13001
26744
32389
5063
6066
8970
21801
13825
4812
4003
27623
31094
22951
3753
24146
5367
27423
31124
24027
31426
7368
2743
19026
7928
6032
30557
13226
594
1951
28696
10493
21776
898
31574
30927
17971
28297
24117
18071
21228
23149
1945
6524
10836
11318
12667
18524
31069
2140
11396
26386
13065
18989
2522
6393
10458
2670
5946
27820
1929
31045
24903
9488
3067
3927
12321
5013
1136
23085
12858
26552
29182
26588
18789
6093
24126
5605
11824
18171
14661
18266
23924
19592
21461
17986
1066
16470
18901
21567
23936
12462
28927
11886
14125
25917
8153
2191
4097
21340
24806
17254
1216
10133
26141
25184
32560
2146
20634
1146
23409
30263
8340
25695
30605
27843
24975
9168
24912
10612
26322
26185
5722
15161
11292
32482
2674
16267
11923
13683
26653
28846
20989
26363
16239
26932
9778
1347
5922
16580
8401
14782
5093
26137
7987
12212
10742
23117
17565
18847
3315
12632
2234
17878
20974
31700
2632
5736
30655
32259
31249
28747
18846
22546
12829
21942
20465
927
19750
8139
17250
19066
21068
19321
13877
6824
18698
3489
26584
23470
18793
29303
30396
10508
23667
3116
25700
5639
16619
29898
8124
24235
26683
10079
2475
10769
16302
29789
10219
16862
6623
5441
31257
25356
19570
9075
9480
3053
22017
30317
26715
27500
8281
11552
4691
21911
13031
26259
26085
24922
26989
28110
10000
5005
761
23798
16749
15154
7448
31673
15624
25335
28487
23789
30062
31747
23210
32627
18183
9710
8705
30306
9894
14353
24023
23649
22367
28673
252
5717
12953
26966
310
10557
13923
17073
30772
10073
19980
5117
20675
30866
2285
6644
21573
534
13194
15077
11358
28995
1754
18613
11504
11718
25058
9253
31306
14084
16777
9554
24476
28857
27303
28034
27054
8926
31327
1565
6610
12497
20655
28922
17688
19376
2373
3548
29632
9221
30356
31037
21749
24233
21288
18506
6840
20706
7478
17966
21018
18383
20600
5779
2990
24326
29239
24934
26686
10875
9130
27611
23997
14244
11902
17074
18557
10714
16310
22968
7330
30211
17589
17552
19415
366
7833
27827
13119
10238
8139
26806
9646
28043
2004
22732
26138
24197
29043
27787
9804
25562
26348
30195
24027
3610
4258
11692
3419
7130
12776
3215
16850
16214
26645
24168
27755
26458
24534
29178
25199
3938
29897
2628
6512
23296
28487
29955
29640
126
21633
27256
12610
18116
31950
6763
22550
6781
25667
2672
10779
32374
27013
10601
31288
23366
28379
15436
30235
29236
4487
2087
14382
30549
27479
23905
13767
5877
4727
26690
23968
27192
19337
27317
31366
7937
8695
17229
11861
22291
23176
25991
6435
631
29746
10063
188
14621
11056
1989
3151
22470
12884
21312
26726
25632
5789
18579
26395
31795
268
9104
28809
21757
19124
12491
22402
3161
5905
20129
26240
21030
26778
32632
14557
11428
25497
28999
13382
23585
13115
7770
13933
8662
17635
27471
19198
28172
19908
26213
32213
14723
20143
3062
7534
3603
2601
13377
412
660
8385
3693
10878
11772
18337
19659
19375
21959
19810
26204
6078
23452
24869
4499
24542
11821
20447
23643
23518
16735
11252
1372
11867
20907
4872
31354
31028
30403
1553
8351
5694
18809
1969
18619
18489
8413
29892
30217
30723
10918
19253
22931
21004
25300
21269
9976
22538
11923
24046
9837
15086
7777
4180
10242
4374
7027
27070
15399
15556
1109
32404
21870
5839
31954
6281
14226
12696
29971
12587
22457
18496
11275
31416
4598
11800
12562
27444
22546
21081
10447
32184
15756
11286
22876
7693
1246
8814
16805
29306
4610
17670
16401
30681
26165
26807
3173
9200
2299
31875
2277
511
611
10958
11964
32150
19084
6858
6557
20393
21096
26164
30379
16870
2496
5950
23190
15430
1656
17100
17159
20707
12565
4834
18239
14857
6780
21853
15355
32399
24316
25314
20122
12392
14991
29205
23425
31093
12893
11019
959
27293
30594
3841
17901
16672
26385
2126
7768
5672
19289
13974
29283
11426
16999
19265
19238
20811
28108
2603
9051
270
20384
17053
19579
18829
30918
21629
12068
6142
27762
5569
27326
27192
23785
11305
6238
5645
9608
12078
13546
6875
9736
9782
30335
12638
25344
14089
4367
3528
4011
6280
11855
2068
25836
7581
7376
7831
27023
27758
31339
1752
4050
13782
24035
16545
19492
277
17350
24406
2348
24518
17044
32134
7437
7698
18979
3776
9193
17188
29250
936
25508
30172
7325
29769
7402
6600
28129
17581
28019
14416
25120
30635
10117
2608
118
9217
17083
13612
29165
16291
18950
4606
32670
13650
27377
3732
15385
30831
2601
120
23559
2834
316
31632
526
10839
27041
263
501
5368
6393
6795
24329
8225
12948
13753
2495
3711
29239
21461
8346
23963
5148
25023
14415
32102
32315
19490
28456
9748
3784
9199
20390
16430
13309
26378
18026
4835
12569
16707
12117
11424
13481
22919
15855
14816
9222
32599
17669
15940
16415
19578
8599
25574
1912
3823
19697
21739
31091
3878
23063
21335
7887
1648
25190
805
31598
22963
9593
6808
19803
27746
24650
27852
15627
8108
8089
656
25315
20980
4498
13688
17915
29314
6826
301
14370
32120
12746
32520
13090
29703
18351
16351
6981
9442
15761
30751
2839
22771
12034
12827
3182
14414
4890
31396
25256
31587
30929
15322
18996
15479
25260
14913
20820
32085
1436
26648
11808
13632
28451
742
13775
31533
22200
12117
22834
8239
7789
1859
19073
20019
18127
19991
12378
32493
23053
16209
2567
24338
4701
11110
10496
29128
16284
22218
25520
2139
12340
20302
25980
25137
8515
11180
16386
2304
31226
26976
8606
15678
22083
23738
21811
1753
9382
26418
28456
15913
23405
26619
19376
8483
2310
6875
16975
18639
17322
22841
12954
4860
15420
29048
20030
21554
30836
2179
17475
26088
30780
14761
12690
25847
19034
26796
31413
13391
21584
31252
29407
6120
20864
26057
29740
31740
19860
22497
19753
15476
7709
21431
10135
160
8058
3389
19564
32554
14588
27795
26907
15949
27720
28632
14869
9282
29692
24384
16016
27643
13717
1894
22919
21012
2704
28132
1026
3591
9423
13346
29847
27551
4671
7275
24625
6319
9144
25926
14352
31491
15140
28419
2321
8855
17636
24468
24624
11271
24687
14494
22603
10055
31804
5072
13609
22164
26851
31092
12218
22954
10111
1347
22432
6456
30550
19838
11759
1681
26300
16442
23857
932
27444
27388
12974
1838
17625
24709
15594
20782
12540
12527
13166
17306
12303
10233
3019
13136
25281
17824
24541
17743
17003
9455
2381
11303
14507
17687
5721
22958
23118
26818
31704
30965
18804
32677
10360
17530
750
20052
23883
3231
6891
18523
28546
603
11476
20618
22392
6704
628
21392
12530
7005
13916
28876
4261
12116
21894
9567
21240
1390
17464
11654
18444
24286
27179
4135
24825
5860
27117
2217
16987
31555
26500
17161
24590
2292
8788
7722
1589
24860
26179
26733
29569
2620
6170
19074
26800
20903
24878
21630
20819
24890
15937
24877
27093
23879
30115
17321
1721
7890
14492
29483
24867
24064
29711
10530
3226
24780
5207
9602
31244
508
16501
3423
11282
9299
20589
6074
118
26121
749
31899
13043
10360
13872
23136
32059
16408
10274
1364
30783
24749
453
30083
8874
6591
12755
18125
12462
30539
23205
32570
2308
6840
22355
3981
4910
24588
7197
16924
15104
25440
30217
3038
19806
31378
28110
29638
4679
30521
20977
1103
18451
17630
11310
31577
25592
14185
9753
11315
15315
7641
8453
18425
32037
27960
1317
32
5468
6094
3057
14159
28501
25750
2507
13424
10782
23278
31459
3080
11520
5778
22360
13251
15549
6091
29344
29780
30230
25572
27177
11643
20880
2526
26432
8295
5240
24421
14387
13375
21285
2562
1202
26876
26749
10385
8571
27769
1723
12534
18231
1485
17775
22028
12446
19160
20677
2526
25570
21532
7691
28698
11083
25294
18798
21698
286
11565
260
31525
29380
17683
8464
22798
16168
19658
25985
4667
13409
28192
21691
18448
4241
18366
18330
4493
27149
17589
12980
12158
25278
4698
5343
20721
10951
10324
12020
31725
5735
5875
26834
28257
19233
4036
1957
2907
18459
23650
6504
10362
19909
14222
14760
20390
26810
15490
5003
18686
9195
24707
17682
274
9722
10934
1947
8019
15844
7732
16810
24776
8931
2656
26088
2818
27539
13689
17260
2897
83
5483
11066
5688
3310
2795
3849
23327
13691
21186
32074
8264
4737
8553
7781
23300
14431
7383
5958
6183
19947
10391
29976
18617
30298
14365
1616
18158
4704
7002
17646
10072
7319
31118
13823
10844
9509
28254
25191
25059
12442
32038
19677
24401
32279
20112
2359
32187
30901
27750
22760
7253
22564
28580
28871
23849
13459
21714
19474
15375
4560
27280
12466
4569
9649
3699
18624
22478
23986
11279
30025
16218
26591
12885
15950
29187
17141
29472
1039
3487
6596
8458
21898
12484
28119
24452
4158
11137
21847
6438
11572
10315
20525
4163
24384
24890
30823
24001
26245
13686
4573
21031
15671
13036
15636
27896
421
26693
20834
24128
16758
4888
8787
18028
2610
32350
13388
10334
25349
9511
9326
16833
5056
28044
18365
15770
23841
4069
17794
29984
1620
32316
12526
13006
25529
24577
26111
11190
15080
30206
11688
8984
10227
31374
27948
27699
26603
21002
25803
15963
11429
8069
16800
3916
23997
4537
1738
26558
27356
31808
4554
26170
4919
4360
15916
25643
18008
19969
27754
28984
545
29464
28685
6353
21006
5225
10517
9736
21434
7344
19611
22947
25765
21505
8373
18031
23860
16058
12186
18391
31993
26805
13830
18100
27701
28866
20704
16487
30363
26708
11803
17446
25431
23418
17626
23187
3663
5393
22743
2963
9897
29497
19717
30301
13965
24581
2420
12241
22572
17015
30837
23308
15361
31659
24320
12345
25686
17490
5202
26025
14859
32354
23770
12071
24211
20236
27734
18309
24383
5359
21306
14459
11711
3723
23377
21682
486
17656
6054
6171
2221
3799
11173
25221
1147
16266
3454
16495
17059
22176
18378
13850
2606
17299
32369
16611
26588
4534
15051
720
31589
4201
17157
19561
10756
19343
199
30921
23094
26690
15123
20468
7360
14789
10097
25451
26351
8889
5705
6398
16931
5780
16016
22498
5263
20304
27814
3075
26426
2912
6271
29595
19785
26600
9986
27396
20609
11053
23214
10955
1800
4939
14211
11269
13931
32038
24096
9958
10213
30626
8745
24463
4575
5911
24555
13608
15027
7423
21827
10031
14517
18418
443
17679
29556
24533
20983
15349
19005
21070
6736
30431
993
29562
9406
1270
27576
14051
22011
14877
16358
29868
11749
15818
21725
3855
10021
31764
4644
3082
14862
11534
11350
30548
1735
26196
16493
8342
27309
27363
13376
2520
1267
11566
75
6713
28299
14190
18095
26852
10570
28217
23417
13375
2631
24918
8743
22886
9092
7888
25705
24535
28880
15433
1572
28015
19435
2705
15036
13973
27628
10103
8083
16053
29664
25055
24525
31984
21684
9237
17751
14609
1621
22625
23335
13507
23573
31708
1221
29954
30801
21377
12042
16336
9040
30599
32295
8745
2415
10479
7402
4664
9339
9561
4413
459
21599
27931
14832
29957
27391
12180
22968
29010
12131
20926
21367
22688
7192
17155
31677
1229
23763
5202
9103
14171
20312
1393
16488
12651
2970
31893
21886
2025
14116
7216
582
2052
10167
27402
23098
16353
6453
17043
27098
32656
31421
30584
3313
26175
5912
28788
31257
20397
7252
8041
10113
13794
18094
4271
27886
23326
12982
1195
1792
20495
6829
18340
24503
10822
818
15315
16437
32492
6942
18873
20422
30129
21164
10934
1053
2054
28125
16854
26337
16524
5658
30446
21608
3788
12059
18408
6082
808
29449
1115
2041
1809
6623
26463
2711
25979
4118
927
8041
14222
129
13743
22915
2463
13686
4256
27012
19550
5422
30930
7451
26193
15726
24842
30666
31105
615
24004
18666
12659
21724
715
25328
11609
21378
16134
22510
23178
2988
10901
24413
21296
11559
31517
18713
5440
13667
4703
8621
9648
21972
23312
27601
29668
6552
26596
4913
4457
3674
2285
31856
4581
29814
19235
22125
10062
14942
5700
4293
20059
18236
23774
7065
7992
22745
4777
21649
5758
30909
23835
17696
27234
19608
12855
5642
16429
17888
22950
23588
21996
29884
1032
8795
29800
545
27788
21752
15704
5434
14526
29219
10710
10254
2721
9125
19728
3933
30974
9714
12096
14794
25083
8294
21726
27200
19439
21199
17939
29070
18549
15404
10866
11092
3520
7860
19683
16931
14894
1306
7135
32480
30239
11536
31203
10089
26631
31498
29214
12411
11970
23364
9581
18132
22056
13318
906
29588
31202
19751
9345
24553
2684
20688
22115
31723
26810
18818
13117
3269
19248
16730
21323
26134
8717
26260
28522
21143
27960
22863
1996
28669
14494
1679
25327
545
13002
13448
30928
350
4534
9242
7772
26682
14816
27544
1319
1097
23457
28365
25440
20047
31418
6209
22533
3493
5168
14264
24403
19166
22107
10748
27521
21929
7993
11740
30125
25081
13576
2677
6935
100
27923
27312
6797
30153
13516
4620
17958
13878
12571
20126
15667
1801
26614
19542
627
3157
10290
11651
17030
17799
9112
3225
24228
15689
28476
19250
3983
28838
24074
21076
13510
12655
27042
10226
9212
2014
7526
32181
3272
22394
14288
7420
17566
19258
30218
21537
3838
19693
15800
18686
13803
3033
6424
21679
1695
22179
14670
19610
1661
19567
29433
23725
29767
10567
26890
22247
27025
12737
22998
7194
12406
476
17002
495
8585
17196
19486
23082
7694
3639
14445
32559
31339
31518
16131
2501
27865
9600
4632
5147
21599
10139
31997
11785
27649
20660
20724
26263
15925
6841
5189
3779
27798
8998
10126
6527
8156
11045
21851
15610
13324
25337
32758
14624
29932
1180
24961
26468
32442
423
4673
30653
5917
18547
18749
32494
4700
25726
2824
14859
6350
32272
15067
11065
24722
32030
16870
29621
12159
21358
16616
3864
14686
12796
32766
21465
11863
11677
4280
23827
3498
5858
22130
16776
4256
2367
26850
15335
16832
30060
1261
10314
5189
11020
32703
31491
4048
9613
28698
5272
25691
8271
494
5900
31342
13832
10283
8288
21397
3943
8403
3674
20241
25847
32595
12165
9934
22599
12563
1401
14485
26696
12364
31836
28547
1270
22810
15273
25018
1594
5330
29744
30294
2575
20373
20319
10147
32229
27685
25535
13709
22338
10744
21185
23639
16303
12683
29627
25488
14290
15097
12334
6467
30168
716
30026
3439
790
275
24244
8630
23791
5813
32390
16729
7416
9476
26264
21860
27738
17301
22270
18726
18040
2128
13777
13028
20178
5571
13363
29903
15913
25531
17549
27186
10981
30230
17947
29936
12467
30163
2475
32558
15218
24683
5025
17741
31056
16740
16191
31771
14384
10787
10019
10058
12880
23554
30481
13345
3624
22690
2803
11377
5525
19587
32542
5579
26678
2001
5591
20720
11542
31105
5654
3465
1932
24733
1930
9752
21344
10204
28636
30767
27695
8054
30008
3296
1041
2358
2570
9588
19832
10961
1541
95
31836
23158
20586
27252
25237
14758
32647
28758
11144
4678
4478
17455
31493
2547
8775
11172
29552
8085
17144
2568
26399
10039
22084
23247
14596
14358
5698
12358
12428
16631
10096
2690
17606
14014
23800
6806
8904
4413
4658
17930
29519
2634
15721
32392
9125
21268
8162
16855
13768
13239
14106
22030
23496
18701
21328
5633
25201
21703
30531
25088
12074
21437
25917
2241
21789
20099
32080
15514
1432
6205
20704
26867
24499
28596
3938
31740
25396
13993
12386
30875
2735
13161
32459
25769
20722
4257
26979
26461
9632
3956
15509
11272
5403
8139
10611
23811
10151
21228
15867
19174
15309
23631
12953
5115
24574
5292
12526
24563
28537
13145
30672
983
30319
12755
146
8769
8548
3483
2437
7115
15320
23619
10686
25544
551
26056
21018
3378
19118
14626
24448
9188
18991
28442
8806
9737
30582
3932
32663
12757
21053
19405
3635
15219
4430
1566
22263
24382
31719
21410
6334
9267
29282
29532
13896
17062
27157
27229
12603
17205
24696
14925
22119
2555
2437
26183
32590
8710
15717
14826
3300
23818
26952
1708
32659
6998
1941
19314
20610
20488
25411
31326
28695
5501
10886
20712
3515
26124
5295
30257
3293
19700
8013
21395
19257
9106
9881
23421
7258
11992
23825
12926
7773
12538
26210
28319
19449
17258
6539
24822
28604
3335
11840
7544
23703
10386
22924
13583
3997
20321
7611
21997
7944
7255
20855
17951
6781
31507
8753
27749
16529
5992
5571
23361
11659
24845
20307
4686
26475
30614
7034
27091
27436
4771
1957
23704
8007
14936
2236
9208
20344
25613
29954
23096
5572
18246
21821
5911
21691
32485
20758
15014
9979
19102
15042
23130
26613
1196
32226
1120
14836
8130
30120
19760
11611
16709
28220
23397
27949
19384
21854
26060
5331
28024
24140
22459
4890
1961
7398
4004
15996
368
23568
27625
32416
23394
13144
6642
12068
5949
8153
23422
8089
18390
9310
13878
21711
23891
13515
16776
28499
410
28857
1714
23351
6410
29025
10013
11537
15208
11963
15597
20550
14620
16359
10710
27273
157
31435
18481
6302
30762
14078
12879
26724
8123
14308
5133
13330
3895
539
15016
17089
9447
8214
22227
21035
30763
6664
9479
28082
25707
9476
28699
13988
16465
19810
8724
445
5429
8292
22334
28141
27353
6426
10108
22620
31575
21634
6620
20908
25431
20724
30318
30846
8837
15549
27223
23863
67
6155
12833
21252
10394
11785
15957
21019
5495
10570
1612
20292
6164
18283
32066
11416
5812
28660
23980
10121
21139
12928
16075
26659
18973
28702
10370
5522
2910
13302
6501
5091
2746
32560
13074
20239
20958
3089
196
14133
6902
19559
3109
21031
11296
10024
13412
1576
1825
14678
31624
500
16728
7717
15876
26113
6128
608
2187
4869
5209
1801
37
16824
21752
14144
4227
18395
19997
5477
21647
11897
5942
897
27976
32109
6211
2786
15053
24612
11146
18182
11191
1956
1932
30651
5804
28109
1335
32387
21042
24031
5725
19261
32448
26173
101
31746
14107
6001
12097
13390
6880
13423
13472
28512
26460
14366
18276
20963
4772
21524
22358
16077
7394
19617
2328
13192
3054
22032
11868
12112
17694
22313
3668
10716
14686
13563
4713
23872
6019
3032
11056
26386
30940
31136
410
1227
15370
23875
18539
28529
530
12161
16877
6771
433
22772
19941
22997
9456
10577
5062
13196
9463
21483
7461
24620
6182
5496
29805
16064
9826
26392
7124
16377
22445
25235
28813
3212
12538
15330
20031
27349
4927
29682
1719
10176
4299
10404
474
1769
11482
9752
6621
32258
14695
7467
1976
16246
18241
9022
29655
22603
23649
24378
32531
25933
25723
2000
22498
9065
4051
5894
12234
24407
5202
22255
9500
2172
1241
11193
29918
27406
13013
16110
2313
21881
19988
28659
14069
11521
14039
11733
16913
13737
13864
7748
30423
4436
4205
13792
29183
14891
9790
9652
26611
31806
6004
16896
132
12910
7298
17980
6875
19082
2569
6745
3506
21688
12966
32074
14276
8727
6927
14531
29825
13986
13406
16961
18695
4696
4268
27978
23886
5530
17890
4854
5538
1236
29388
21166
24663
28511
6767
20532
3000
32166
18845
4835
14400
27272
15046
27193
15117
11262
27665
31634
1169
3838
23467
23862
24459
19103
24159
25238
7221
20093
17512
32211
31679
20575
16515
23168
28669
23831
17736
5545
861
28842
19641
14100
32027
22961
15900
20422
5560
27647
26118
25033
20392
18052
13497
29997
18507
12401
13999
32333
5406
20893
31607
31060
307
18984
24256
24319
16094
27998
26548
22180
25010
9182
12935
18803
13483
14587
6223
15100
16557
5986
2326
2801
5933
14589
19501
1069
13614
19992
6852
23798
4720
24515
18616
3199
12516
29047
28588
6577
16482
26108
20571
18219
10910
11145
24108
16520
7001
29486
10504
11488
22740
30575
6504
19089
138
5682
12978
30783
31774
16859
20421
20249
17043
3509
3538
12894
14779
22932
22895
30752
19442
24760
20966
3913
1548
12277
30419
18139
20875
18193
21486
6780
7957
26990
7973
10289
5414
25064
31982
13162
5891
15873
24283
22847
14319
17468
12398
23033
28320
10694
17968
7124
7412
19291
17149
19203
16353
28008
26530
15093
23466
18285
170
27863
30809
24230
26228
24410
17001
29674
17289
2998
9155
2259
5421
13295
26860
16415
6708
26198
18044
7510
9239
23124
21202
26541
32327
2659
18438
13355
24513
12125
8735
23306
6883
249
28038
23648
32638
24466
22971
30719
9004
19243
25671
31897
996
19377
12274
4648
14539
11903
23605
908
9549
15656
28914
19318
25197
20848
12899
26758
21081
27291
29009
15536
4674
10219
11142
31716
15978
19556
4228
28142
15487
12242
15991
1947
39
16653
19305
7965
32220
32124
28341
16304
16378
472
24254
24702
21014
6194
14048
704
30354
26424
31143
31527
23150
9908
831
27258
15201
32085
44
10624
13353
27570
15419
11296
8991
26764
23993
8135
24334
4691
24802
18698
11845
6636
26524
25741
13291
19122
12646
3875
18323
21435
20363
31030
27408
13916
27035
26986
21131
32239
9755
21117
13011
9427
2940
114
18931
19125
27978
8430
22026
8206
14758
10978
28247
10989
15094
26986
29332
18679
8667
11765
1157
4780
27492
28071
16336
1004
30593
19963
9231
3513
25530
25773
25892
30014
32288
11991
5580
9232
25732
858
24696
19893
9192
1151
16984
3683
27699
21726
31928
26377
11305
4991
12431
14996
10649
25408
22613
12395
27096
374
5142
8251
32367
12247
31685
27386
2577
30104
27602
25894
4560
31698
32766
13902
28304
2346
12399
20948
29371
24753
17663
27889
6198
2057
4826
5625
19092
14538
14408
20705
8586
291
19143
23806
8099
22469
11101
2063
18741
9980
29996
12926
10132
4895
14919
26851
3205
43
708
14026
10742
6827
16915
5814
20972
26587
13966
9062
29372
8460
26448
28246
9086
24138
13387
8073
21695
21565
11413
17030
31094
10573
7939
25761
15417
9737
6393
26747
5297
17610
18304
13004
20812
25747
28313
5216
26929
9020
27346
5472
10873
8912
28950
1491
6300
15923
201
30564
3881
28936
15381
1126
31931
30417
6782
2069
18984
25944
10685
11295
16891
17999
20683
28515
3109
29747
18748
2552
4591
15990
17102
21105
24115
6364
25922
2143
19916
23078
9322
10264
9291
19950
6788
11191
22763
7634
23750
23908
12232
21972
32314
7894
29515
2049
13516
18965
25065
21329
21666
3973
9229
20943
5547
29984
24146
12793
22395
23299
13302
32618
22358
10540
19852
24246
3210
2690
14320
16534
7938
22805
12160
20549
11289
8104
11145
8489
19884
21613
15872
24502
6003
12559
7027
2448
32401
19445
24382
28911
24425
22214
24578
3912
5556
9768
10323
27434
23248
26318
26545
5478
24155
9137
28602
370
19713
413
4509
15631
14738
21488
28626
19242
7256
28319
6153
9728
23719
22905
31072
11398
6325
18608
2776
32520
8108
32405
13834
3856
20990
31395
23062
26249
23545
6591
31453
27172
32411
3006
28784
6907
23207
16936
10951
7029
29176
15419
23991
31593
21270
21555
10526
3974
8967
29129
4449
22514
31080
17914
23576
14897
17084
29705
9479
4681
7427
19399
16209
24355
25231
30994
14056
3637
22291
19612
1608
10846
11005
494
21605
29201
18693
9900
20193
6326
8710
1818
29827
14157
27405
17375
25573
12373
432
29961
620
2796
27298
32338
3965
2359
7812
30881
30702
32260
6397
21716
32187
9646
24076
7101
2043
1601
27037
28522
12050
6879
15707
12714
22823
20067
198
29644
31449
2371
26501
5034
20525
22203
20989
10727
8651
25896
23586
11636
27243
26034
20109
28761
28810
3885
9680
22962
10337
18497
9222
247
29207
15561
8366
3713
2102
25210
2745
1354
12892
12485
20705
23029
4147
4094
9277
31502
4258
17341
18706
11922
26949
21637
27117
26802
8731
15523
8430
32724
2431
23641
11111
25051
9306
31036
31654
11944
28310
19675
7438
23520
32726
26273
7789
17904
26724
25853
30345
21071
23146
18879
5884
1795
29542
28102
8514
15207
14808
22488
29201
17963
9021
31441
30440
19612
13889
7936
491
5926
7473
31438
4078
3863
15535
16032
13520
18853
8873
6143
8714
17459
24972
28663
31623
13776
11188
26812
28343
6657
17192
24212
16351
22720
4484
28656
16819
12228
31798
20700
27430
16643
18669
28058
32641
27254
9807
8330
31922
19228
11499
32590
17383
6465
27758
810
12380
11776
22809
4273
4209
27143
11634
8862
13568
22426
5178
7168
2797
11739
11936
1434
29439
6472
19124
14985
19438
28037
24094
18471
25277
9308
6416
1328
15689
19970
9593
9251
29475
22171
26236
17643
2203
17665
19488
18879
29
22209
3913
29511
5569
7527
27111
2048
22813
252
8045
2785
6494
19404
27013
17727
22423
9069
7425
10222
13144
4860
6933
18345
1411
2730
25284
30899
7515
30839
22169
19903
21470
24126
2711
32270
26965
2290
11890
30423
24873
19751
26624
7147
20472
27860
12778
31641
20456
2647
4775
31183
3899
19641
16299
13955
11556
6452
219
13137
22745
1522
26693
31846
26346
27160
12814
22684
20689
12035
24747
17638
21194
18129
26964
16111
7141
27684
1206
8958
17497
3874
30697
8477
32283
5057
27041
3450
13231
17729
6056
4109
2367
8954
140
30587
29674
27223
21909
13115
23390
547
18681
14583
31145
11011
3155
22837
27980
6468
4946
18230
12689
23511
28334
22558
28959
13466
21345
15702
26316
17882
8723
15919
16562
14613
726
13512
14725
17156
26899
21041
23588
10456
5060
28112
9581
10949
24036
25604
30806
30653
29476
18441
6201
3710
15584
27932
7536
12238
6993
2783
6178
17925
16132
254
21852
26061
13963
32275
31332
19494
1138
3527
27210
32173
20853
21050
10687
27421
3823
27814
13610
16150
7574
22847
31993
14621
19558
16989
31797
14821
17371
3804
7514
25804
12643
12227
24933
31401
18195
28965
32046
20933
25497
21061
24824
3879
30322
10493
24135
1301
29789
5217
24562
23255
28687
671
26744
25022
11048
20010
19095
15205
13158
13847
20507
13623
24600
13767
17141
32049
17366
32710
3212
5097
26224
8179
24408
8144
23332
2273
7852
1460
1812
4222
30931
27273
11255
8178
26463
616
2830
6858
2494
20696
13401
16726
3598
15949
22028
4687
7218
9966
8253
28605
30502
18075
4319
2840
18575
9775
15347
23726
19095
28162
25597
10820
17399
16819
30389
24832
2645
2340
16896
18055
32465
19141
29982
17762
14555
31510
16933
22694
21319
25959
13230
23252
4003
4578
2766
15358
17352
19660
14664
25387
17839
13064
19456
16125
18822
26589
22963
18833
26115
22521
18918
935
13049
11701
2076
11011
13865
23194
30540
12307
4698
23076
14738
11985
11436
4551
8229
28395
15401
29232
22409
12065
30621
15821
9222
16367
21927
6287
16984
12653
4881
17647
16552
6259
29533
12847
25531
12032
28576
16354
27754
21469
18324
23214
20818
11645
10472
22097
16588
29736
24794
10466
32544
10073
19464
27481
29941
12900
30851
17234
524
17499
11814
6670
26670
24371
20774
17595
25187
25123
21225
501
15461
4941
9500
28812
32340
27808
25344
25480
171
12285
9476
14186
31859
1688
12953
3253
27575
12194
1602
2989
20023
549
22506
5471
9824
17967
8571
1505
17020
10546
20908
27611
9767
20907
8475
22854
10242
22018
15771
12660
6059
6833
16335
6225
32748
23465
7928
26344
22834
25841
5899
18729
16449
16017
13575
26857
1319
20398
32133
18986
9838
15606
24976
15517
3222
1599
30136
1637
6595
10090
8034
11294
25010
16526
11362
31262
7665
2387
2252
13050
12880
5019
1798
1868
21907
8552
28194
15028
12905
4602
17003
6685
5282
10807
31806
10050
30364
15440
8476
7536
766
29346
29436
13197
24233
16858
10726
16217
20204
18013
27581
7668
4087
4327
30301
1441
28563
9841
12262
9417
16
14169
4438
12867
30590
20925
8030
21202
3872
4903
25966
30703
30493
7536
10003
7113
12921
21214
15234
32395
28484
7568
18293
18653
12049
17948
18741
14253
21418
7542
11000
13615
25602
32276
20334
802
7531
26703
19607
23126
9481
15885
18647
9067
28039
24989
11852
11483
9480
15330
10335
571
16225
28084
8089
18621
28805
12419
10169
17658
11072
10813
5123
28142
30761
14450
9690
12612
14546
30391
2449
19668
11073
1096
5503
24939
16804
19697
32593
8906
8768
22830
31652
18673
25515
27025
31700
9885
22843
24932
32270
2319
958
17552
9133
17679
31339
19645
451
5425
24601
22971
24565
11607
14511
16672
22925
10103
13020
16691
5322
11678
14856
6921
1146
1333
25738
6126
26571
24452
4635
32263
31839
4980
20106
14389
5790
9369
19634
13627
5200
15215
3498
16932
23915
29412
2107
25567
26409
7959
25751
29741
27998
29024
8263
1469
22025
7568
11878
21396
29481
25722
26637
16307
5842
10162
24846
9460
11647
27284
29925
54
21162
25736
8171
13497
5018
2181
30925
28619
21629
9684
24125
28581
2998
1559
11495
12688
18296
11401
4519
19276
12692
6791
19449
29617
1423
15696
29873
32407
11512
26889
7404
20468
30200
1284
22854
2628
6187
19777
3405
31790
31662
19765
2870
4452
30330
30667
23503
19147
29680
169
17077
476
15028
23220
21191
31562
17599
32726
9946
3300
23984
26111
4783
23230
31587
17769
24610
28555
1221
5153
27811
13390
31463
23235
15082
2866
14417
18052
19687
4533
15000
7286
23032
19980
10803
29192
13663
19395
5258
20172
30963
27557
3152
7038
18453
27355
9235
577
16102
25944
30481
9259
25016
22388
13390
18436
8386
25302
24547
26187
17431
23192
16025
13946
21465
23206
8118
8588
20649
28263
30999
15803
20579
2720
2431
14222
21256
24213
29999
19475
25596
16497
4279
14441
23410
14567
19979
17026
21540
29210
32729
16167
10567
3514
26394
14653
4286
9840
16104
7750
9614
125
14991
5163
30354
11678
10726
23608
28016
10290
14304
26472
8651
10654
30558
32739
27834
16369
12871
11205
20601
26308
11995
11553
2143
10085
24388
17222
21776
1076
12142
4416
22772
13132
25881
19874
6376
27750
17965
8067
30003
19963
31053
19655
11963
7593
21678
7584
19577
26584
3882
6483
29994
17053
1936
64
4423
14303
5695
10013
18744
6840
7411
6018
13253
19485
18654
6570
18637
12994
15099
2936
27706
27192
2719
10424
9524
27992
22097
10408
21909
16357
22235
21686
1437
23405
10401
31884
6120
25456
16178
27466
31132
25797
14109
16914
8935
9272
31238
23498
31657
16504
26872
7709
30829
11057
253
23491
926
15733
11756
11267
1784
27488
16259
23414
10556
23292
13493
23053
5160
25186
20805
19029
22182
12578
12692
5626
14148
10469
20664
11147
2788
10577
13517
18812
25524
21293
13712
31345
11361
1734
4394
9914
904
8593
17225
24345
27502
16145
21109
17612
8688
251
1954
12999
13501
8857
17409
3138
9666
23404
26908
21619
13286
21781
1826
29597
7160
14454
17791
19785
26085
5652
14768
3027
4655
11711
8278
17705
15258
22902
11401
23760
297
8069
24942
18216
19528
12272
10764
4592
18251
20756
9051
22028
6167
32652
19614
30342
13087
17746
4595
20692
23187
3110
25897
16985
7635
28468
22737
10030
27946
20465
29080
13857
5561
12870
8660
24062
14769
9200
9052
2062
6342
13095
9117
25566
15584
14461
30186
8257
24339
30730
16404
13720
6353
24006
21819
9553
13662
22838
13027
21166
14213
7243
21578
22728
26506
16775
20474
467
32095
7521
29594
17315
15130
16107
21001
25967
2983
25522
30638
13014
31162
25317
14601
24607
4872
21434
20366
965
2999
29454
14516
18739
13843
3148
2889
16588
8834
27023
14088
28974
31674
3851
25197
3512
29489
17833
23240
30282
20949
14577
19089
25675
254
11309
10747
26865
8097
2763
7627
8380
30662
22532
14443
16452
26684
16827
20794
24117
5771
23208
26151
7832
32042
16309
15230
9044
10738
11432
11777
26100
16595
17411
27451
24234
5830
3624
1041
7316
30978
29633
3482
13119
29811
14175
17457
8554
12648
12897
25800
5388
14220
22808
12415
12440
11799
18985
20085
13695
27717
27954
32733
14326
28168
25776
23125
16379
249
22304
31860
31634
15765
21348
28834
26197
8358
21609
12845
2603
22783
10247
2201
15704
7532
15656
11575
438
7913
7469
28409
26945
27410
5261
18564
9177
21211
20159
7303
6724
10625
26971
3147
14963
28609
17020
7308
22790
16199
1640
7304
19474
2665
16499
853
8993
1045
29472
14199
8314
17416
31626
29874
22435
31553
17410
17437
5413
19638
2554
14968
29583
7749
15138
28863
16829
30189
11728
27391
7770
14142
14501
24937
27812
21774
28014
8101
1647
19310
31560
28265
20333
30173
31752
15177
3500
5563
12505
29393
11104
7424
29223
16593
17891
4397
22204
11000
11770
6787
22057
14756
15706
4979
27240
8953
9579
11351
29887
11313
6987
30559
27111
13618
1302
28878
2414
8806
3173
22374
9306
6343
14868
26912
14095
16441
32585
22561
23155
29
20401
3050
20559
27171
12557
719
12025
18271
25582
26538
28720
31648
2492
12240
26439
13053
27645
21828
25222
3504
18644
299
31693
15912
18632
14976
23674
19801
455
27913
30861
31063
11115
23690
1290
25123
26748
22584
11679
30916
18869
17008
19847
25754
28107
16553
12206
21232
25259
10152
6678
25808
11267
30707
10361
12059
4869
32391
14896
217
9064
28109
30547
25549
31151
715
12578
2892
18093
2711
8611
9552
11337
23570
20109
16841
22399
6610
4965
17459
31655
20576
5863
4973
4858
17572
12199
31689
2130
1693
31736
30560
11825
7254
12557
20648
9989
22805
25950
21320
8874
13525
23117
32554
5425
14326
2314
29138
19168
20276
30388
31215
32121
7126
5057
2352
20160
5159
10911
30809
19511
2090
8603
20886
24620
24202
5123
5391
21493
7632
1671
11196
18299
5592
15077
31867
16885
15750
26310
22368
16374
6325
20962
11084
25258
14960
8043
14785
9308
14181
18089
15604
13884
7318
32482
13348
27488
15954
8828
18987
21768
29540
19813
2643
29734
4234
15027
22378
9246
14377
9608
22809
8906
21054
12601
21361
22977
16536
7343
7367
19673
9029
17677
9666
20970
16714
15250
18354
30165
27031
29378
19747
12997
24633
18112
26803
23477
11218
25855
3616
24883
22342
22297
24997
21347
31672
13567
12679
17734
9909
16979
11755
30012
28846
31506
21226
24264
22444
21366
14567
6548
12863
12059
16160
10677
20151
21344
17540
9519
4759
22800
25285
21180
11847
24898
24493
9673
14601
4477
18613
15298
18734
6944
27860
16015
23690
20993
10389
20575
9509
5717
14444
25764
3635
5584
1354
10846
3399
10253
8047
27549
5059
18991
23424
1601
13459
32201
17881
25093
21019
3835
24612
1980
26733
1502
23850
15834
18368
18210
20202
20021
21278
10230
31464
22797
5980
31016
18632
22858
20047
19854
32539
15878
8765
32676
17017
15691
17810
14966
2768
17438
13012
2497
763
10172
10457
13653
1687
31779
14136
27581
12818
13268
28413
34
14596
27864
2977
16237
30403
3841
10297
8364
27954
8050
21741
21687
9689
28001
8364
30995
10555
31772
27422
29206
99
20042
4826
12364
29889
30324
21466
25882
564
4292
27179
27297
12136
2572
19689
25317
16482
22537
5483
21039
30553
1770
26299
14512
22472
16396
26953
28518
8129
11784
12000
19524
27524
25071
4824
20877
14160
7636
27278
27777
13177
10379
6673
1851
7867
3761
24862
29146
6862
29932
29775
26335
12090
24436
13967
11990
28269
4819
9937
10041
28939
29161
22018
12433
7045
32050
31035
18398
25069
22348
27708
20281
32265
29363
14358
18872
19366
19664
29223
3730
16174
23090
1867
14211
10877
2075
18257
20082
17393
30526
17580
32338
9152
21447
23659
19270
11151
28316
31340
5640
3136
31714
28108
28299
24075
6852
24993
31199
32464
2671
19948
28502
10923
12385
29897
28901
714
21476
16361
17100
30331
13013
4674
9849
17033
21418
25093
23722
31433
14516
11985
4819
20976
22688
10278
16319
5031
68
6172
13177
1250
409
26197
24173
7789
21507
18224
5067
21959
2521
27455
19244
26676
16161
17148
9592
23566
26011
10935
14599
11356
4610
4819
26886
21158
11918
30770
19485
8967
14013
16622
26190
11907
24659
20810
14881
8091
21919
27880
29950
17695
25857
14396
15066
16196
18857
28224
21782
758
29089
7785
18595
10095
25870
1754
5995
12809
12979
24281
12524
21584
1462
9599
22054
20572
18599
18611
29880
30558
31166
14425
15686
30328
5220
14790
31005
26066
13301
3959
25370
19946
21445
18691
1992
5931
20577
20303
28872
6082
3607
257
8054
13229
26808
29495
6857
17172
20636
10872
5243
13021
14567
24555
26986
4987
15115
9926
319
2566
5006
1546
20813
22417
23566
23150
1724
27320
9858
5272
7142
12152
24002
10131
23809
4420
3914
15230
8191
25428
570
30849
13234
9025
16290
32262
18996
18895
28669
23077
25222
7689
12795
5471
30071
16020
20100
9872
27079
21821
28153
25375
5005
10452
12989
16248
17110
317
23796
29628
9615
4548
23434
22710
165
23985
28279
4370
1130
19228
15938
21193
16443
22531
3268
25824
31072
9626
25391
9554
26931
19938
24911
11083
9860
14205
4623
22934
15933
23489
26942
30041
16194
13067
20115
5376
15771
15190
23023
31607
4309
19724
9443
13212
20901
12827
21874
32756
23247
13132
17944
29340
20806
4049
28427
16771
30613
4892
29888
10967
20605
15608
32689
32189
21728
12242
16734
6981
16606
22871
19089
925
15421
2373
5863
17285
25102
27258
29068
22018
27533
4690
5958
20055
586
6703
14773
24113
32134
30553
18393
3106
3808
1289
8148
11856
8753
29888
3569
32111
29876
6365
15590
21484
10090
15727
31574
28011
20668
840
31386
14964
20835
29011
27329
7273
28805
12327
6101
7612
800
9179
27744
31326
8876
22556
32047
3195
14076
29310
598
29028
22374
7952
24949
31437
18211
11059
11577
16440
4344
17068
15909
25777
1558
759
18578
25788
9280
22750
5108
140
10027
23627
14176
5749
18730
7771
32587
420
30475
7603
24725
20750
31547
21783
7366
27302
25649
6201
31639
28371
10762
13006
15796
28705
22385
32231
11456
21303
14786
24447
27801
27401
23663
26704
29150
9550
21410
1004
16815
23349
6692
28424
24244
6739
1661
26651
1889
31200
7005
20008
10616
20516
14138
8663
11983
23596
26427
7371
1875
14273
24917
21296
5197
9627
27060
5011
22756
4049
10076
30967
5091
19092
11280
25381
9917
28445
13170
18755
28111
25316
23917
6824
28132
24339
26576
8687
31486
3130
11067
7754
15444
1604
24383
1817
12695
23722
27073
11708
7545
25318
15775
12709
31088
25899
3223
31409
22199
5459
20580
11704
20631
17433
28457
20323
29668
14984
32531
2365
16330
18355
27962
17677
9162
22183
3017
4708
7935
8350
19295
2674
25766
20341
9141
9757
10717
9312
28544
14933
171
30429
16281
3745
25665
8166
26971
16894
23167
9579
21580
29162
20154
14847
19200
22460
2493
25810
21307
20534
27405
26079
20822
349
18290
10854
31460
4744
4274
26013
23701
10936
10912
8611
30554
10535
4437
23733
14537
19492
13502
1700
21188
14877
11607
29318
13909
8446
11829
4268
13789
24506
22602
1237
4718
28198
21221
27809
30837
30478
19832
27209
12188
22659
20126
18316
494
32370
29788
17645
7740
19323
2471
26907
31168
1023
5415
25777
29953
28539
17723
24095
18422
9237
23869
14824
31086
12405
2055
13071
26032
6102
13238
22475
6238
21597
23214
16002
32159
21417
24030
1781
11900
8619
21573
31673
23691
13752
29620
26598
8395
5596
30422
29971
12752
17522
9327
9601
17696
11249
23521
16022
8156
32009
19188
14221
6819
13039
12502
109
7347
12789
21089
13623
21073
13405
925
4452
8812
31087
27270
14222
10109
27337
24335
8558
12209
11255
3174
19462
2122
18499
14202
29727
6210
29390
20155
30454
3634
3296
10016
11059
9587
26237
2671
17946
18051
27961
31417
8453
1706
15693
20259
29458
19165
18665
3565
21273
4578
2508
10156
5601
10677
28947
30682
23699
21547
2382
11921
26478
7893
32473
1940
189
29223
618
29327
5126
7129
14822
4256
17797
22670
13177
11029
7640
8372
3813
1912
7676
15531
20762
15561
20344
25641
5640
28170
9432
27869
5297
3585
15965
19538
10626
4153
26355
28951
23267
11082
23907
14109
3085
4186
15818
31584
21019
15332
8010
4809
8036
17336
14847
10323
14601
17987
10549
18030
10954
24337
7640
4001
11550
17552
5419
27250
12674
29463
26557
9354
2321
2342
17562
20757
22869
14576
27838
26216
21341
29462
17103
24294
24847
11958
779
24868
15552
29348
14207
13131
9986
1015
15481
32190
11965
24008
26945
8445
16258
22070
12548
8906
27163
5293
20497
30346
7015
15721
22856
9453
13669
30261
14286
5841
16014
10361
30982
1892
7016
9331
29373
24969
1624
2501
6565
3198
14775
6448
7173
27579
41
21407
5294
5661
7978
2663
27185
2115
20458
17613
11855
22073
14939
7881
4529
8275
9864
1289
16346
20316
22568
29241
14169
23536
18547
4482
29251
9511
12852
27216
29408
6772
9248
31065
2213
15564
3430
23259
24930
15114
30855
27172
15037
11666
26728
31320
18399
13620
2982
3183
8045
340
14889
9853
17850
328
28924
12342
10043
17666
16475
30897
5947
20719
24590
18796
9935
26910
24054
10897
26637
6053
6886
15479
29049
29249
2484
19052
13760
25404
25743
31410
937
31124
19602
16327
16968
1113
1946
28393
15733
32087
20565
8154
5756
1781
27804
14817
11542
349
32259
21009
5272
31453
16558
16077
26987
32653
11366
1164
6844
3123
11243
32730
31860
10339
24204
28832
13675
27627
6134
19108
24024
29550
4682
28499
25101
2126
1650
13503
32097
32719
7860
24036
24941
5498
30599
26671
23931
17600
8870
21057
6715
26080
24676
16368
15800
4619
831
8078
2955
4805
12727
13422
21838
24718
31329
10917
20308
29890
28215
6158
7575
29374
13618
3729
11506
27716
20763
9124
11409
17697
670
4369
15269
31244
1184
21242
8028
20178
4562
26395
5392
10160
26758
4432
5311
4608
16578
18775
6075
16409
26771
13782
14242
31856
31396
22688
14737
22531
25359
20532
22933
6135
9843
21127
27234
9855
8007
17667
7496
2817
9582
5583
1634
11636
21515
14929
12561
26893
24982
30449
22696
12826
15920
21536
6505
21294
27699
25753
11697
1406
18190
16615
2927
26763
11344
23592
30170
7425
15106
5648
22372
1759
7482
11825
30697
31449
4077
31865
25389
23291
7429
4860
4997
26254
15283
11507
13524
16703
19207
3845
5049
30078
6846
15558
3335
30245
30299
10110
4470
25434
26233
14891
4504
5814
7263
26313
26126
15015
15317
6352
2043
28946
30518
12543
11705
19773
12743
28248
8139
9453
7239
26732
23059
31947
32711
32472
19781
5132
10940
25104
21660
21329
13395
6491
13260
8908
2564
10783
12599
27557
31594
17503
8291
18588
14418
6274
28844
10735
29970
14934
5174
28798
10524
13652
21286
17453
7122
13862
24338
10634
13212
28006
15029
6832
15160
4009
18920
10091
4434
5820
7630
24732
30293
10285
20814
4831
27776
17677
2502
5228
24124
9973
28669
10811
32429
28231
13658
18540
6279
1462
31060
12773
16163
24329
9002
15165
5586
27931
980
13529
8561
32551
21561
16468
22589
24898
25506
5412
25577
26153
2671
30843
18926
15933
13577
27756
28195
16332
6935
23119
9101
1170
30453
15462
16248
128
20833
2753
25286
30140
13688
28510
28040
27112
24802
1429
20683
167
17481
10419
12980
24413
26639
5606
6352
32311
2368
25945
3237
2668
709
7839
28301
15810
22235
27733
27332
20307
27844
13059
17599
24977
22204
3908
27839
4488
13359
32551
5031
2915
1065
15060
12554
18482
31758
115
12169
22762
13963
22345
13148
25261
20172
3620
12078
12364
15344
30970
15150
32011
186
12749
25187
23716
905
24785
23103
25742
8842
20433
22648
31358
22572
19663
31507
27695
980
8171
30402
13407
10963
6278
32623
4378
17813
30118
7961
20282
27930
11676
28383
28463
31914
22757
26202
1788
31685
17487
13616
1410
25690
28252
23270
15105
6457
29675
28918
19164
8393
12309
23330
27292
30718
4950
20999
4664
4486
30189
31733
404
21827
27013
2046
16199
13310
19988
32589
29857
9050
11780
16570
19181
5638
9617
23195
11763
17463
22898
14044
6081
22614
16571
19794
18859
21493
17922
20556
5777
16648
960
1899
8800
850
8187
19636
15067
24093
2850
24548
11676
558
9785
1027
16213
14328
5173
6972
10332
31248
15018
13548
14951
5089
13731
16889
5012
6305
17105
25445
684
18052
26601
1827
168
10799
22599
18217
25460
5743
24023
16070
11764
17451
18741
18998
8517
11927
11539
25716
29509
32683
26844
5967
20053
8404
18070
12736
32349
17385
12301
14459
28433
30816
16174
17604
24435
8386
11697
17796
28313
23644
26619
22172
26033
14648
18242
8825
25410
16971
14066
488
19381
15856
18767
20012
8979
12437
32604
6479
13328
30644
18428
16565
10313
4358
31320
3575
30154
25075
20352
23022
17875
4940
8021
26125
14556
21820
25766
24564
11222
8060
19609
17219
25268
16839
21837
3500
15402
22670
16317
31053
21172
31212
22760
12604
11995
11996
24111
13411
28340
3242
254
23182
1705
679
19886
12226
32635
12321
31146
6609
21896
22162
23761
31787
23882
15384
6684
19959
20769
4645
15233
22114
27730
13432
17687
823
14159
21580
890
3505
26937
25551
6513
24973
675
21973
4302
31330
1433
1486
29334
11061
28384
23541
10850
1096
21632
459
14597
19252
19840
15044
31343
14647
1777
13632
722
29647
10798
26556
22275
29576
30817
20042
1058
19730
16201
7230
23165
4246
2875
13867
20402
13130
14951
2062
19476
14148
21853
3016
26448
1420
20688
5074
22609
11892
7321
11820
7264
1068
9214
13206
6544
17297
9013
22275
16473
16198
30244
18763
28803
16646
17515
17696
9541
5432
11940
5955
11439
29892
24809
30455
28229
16678
11927
17079
1261
18113
6994
29988
12299
31093
30026
26177
24554
24435
25788
11490
24926
7760
5307
13410
27815
24153
22832
23189
7065
30759
30240
10749
2810
8307
27693
1089
11052
1579
28256
20698
1035
5828
25893
1040
28697
23763
8855
4645
4825
11479
11262
8912
3704
5209
15510
6381
15538
16184
26003
17010
28404
18238
28513
17573
31166
8694
24624
6284
3916
8386
19376
11173
11637
14120
20505
30936
8915
31597
25711
11690
28452
5477
23556
12211
752
3977
17214
5714
8813
15946
31130
27807
28575
12709
11505
20385
24515
25848
6651
15554
8174
8468
13841
9343
11506
17555
9783
5476
8833
26220
10073
4920
1429
1732
19413
28277
3598
16903
12858
12283
13213
14904
6479
27908
482
10885
30040
5979
30673
22815
27284
7625
30298
23368
20746
28880
585
24494
9606
16284
23915
29431
3038
311
15090
29341
18041
7676
4890
8700
18194
19790
23053
5545
15546
31626
7684
26886
17180
19513
20656
29203
5893
3211
16344
26503
29732
10753
323
11552
14
361
21976
14903
26244
6671
18436
20119
2809
8498
2396
27023
29519
14773
21380
14150
20450
29719
20559
26703
17607
677
19751
10109
22614
32238
15792
8697
10981
19832
20904
21905
23511
2225
8722
6483
16342
25640
14739
5211
19548
32509
31772
5865
23672
9367
12745
2487
13007
22164
14601
26505
23777
13062
9216
29957
23437
2780
17705
10949
13527
15518
28480
1451
21226
10078
27743
12660
21593
18923
28775
16784
12714
25159
2721
27697
23573
8539
23205
31651
14729
18154
3195
27099
8688
14788
24577
23122
16820
28732
16268
26132
1410
15579
10706
28179
29518
21334
29448
26562
5271
6590
8519
22495
21996
6647
26676
28560
32687
10091
2016
32690
11289
3327
4845
13934
24190
22343
24563
23309
8146
3829
10785
31757
17517
30616
9512
17268
16139
9859
2132
25956
9495
1546
21756
23792
18473
6389
23581
27438
2253
4654
18242
3213
18054
5309
10407
22633
4370
12278
22173
32477
32496
27633
5680
22745
19744
31291
22792
15988
11306
24267
4749
6019
24161
9528
26703
23146
2921
30249
16804
27954
27895
8460
31379
7388
14552
28171
15856
7925
27701
19515
19145
20843
23573
12311
10497
11423
12067
13870
4411
7099
9394
24088
3065
12102
19710
29102
3077
24054
5812
27771
2065
18373
21941
30573
22426
12102
10007
19664
22290
7482
22125
6269
5949
25183
10313
10319
7132
27528
11775
215
28041
7154
1707
10833
738
8662
12661
18902
17641
31035
21779
23251
12971
4366
8336
7353
26656
18036
10572
2294
3155
10847
27205
25893
27330
17760
18580
17793
15368
19900
16699
5024
25017
961
9245
27998
6542
10330
78
28695
27586
16866
9613
17433
22715
9014
24335
31832
2541
26894
19327
7780
2556
24973
30274
26265
18464
4630
5631
7317
27342
20322
5215
3056
13717
7119
17169
29991
1606
16379
25106
2776
11607
20882
23339
20277
9609
7268
22203
26035
28361
8635
3510
11522
4180
8683
31982
13634
1567
25642
23953
26228
7542
12450
1779
27438
1251
12485
7566
13203
4945
10721
13128
9347
2673
17908
15604
18191
22621
24257
282
3120
7292
32547
25595
30904
29605
3746
13520
19848
20359
23364
24659
4
23880
30117
11392
5828
16236
4938
24989
16012
7929
27443
1144
11135
22488
16559
1520
6799
17535
4213
2998
1848
27853
5103
13909
26990
7221
3801
2160
4052
8991
6923
21323
27182
18315
26259
19598
22553
10488
6151
12613
20474
7044
19738
6698
29236
15956
26476
25895
23710
20790
7079
22551
21044
3461
30407
24781
2828
1614
19897
5719
16524
21424
19240
24451
18907
3465
3988
25251
23701
22863
6052
8846
17859
3899
23741
27879
12042
15021
25555
32162
17442
31180
11903
31683
19594
108
16978
13161
3450
16950
14954
12556
2074
2050
5954
8707
26609
29832
16590
7753
13728
15416
28360
16256
8656
5222
27461
10550
31849
7594
25483
26216
11268
19847
15142
16452
14756
6986
5433
29235
17568
29749
2067
24343
29412
15069
12034
11217
12634
21969
3692
25351
22690
4476
32283
1572
2569
22861
3545
12192
22713
3093
6205
10881
4909
28592
30660
8994
16616
2023
4643
21811
10343
21653
11740
23297
29012
15113
17936
503
14076
7852
20628
18533
7939
27875
10823
26753
18518
8247
7586
5292
9826
32436
14224
18678
7300
6030
24192
21987
28096
17419
24505
2160
21685
12188
26350
4945
22480
11085
5139
7549
11713
20576
9071
6636
17963
13877
23537
19615
19104
16238
14279
8418
11212
16976
31533
13518
3824
4203
11651
15889
12179
8573
10403
11250
2420
26004
12913
10895
24258
627
21684
27497
28303
55
26404
22307
28547
10554
32707
3207
8909
8504
15729
20682
4959
30640
8379
21777
21851
14733
26357
30003
22984
17926
7048
21441
10890
27331
21388
30532
8849
2881
18330
19653
30288
22391
16347
13203
8305
21946
1637
30272
1735
17374
21448
21741
27524
5022
27107
1223
32428
1597
20733
18642
9161
11118
27409
2022
16353
18290
20840
1015
9125
25728
12397
5785
26091
4969
5566
5826
16990
8060
25727
19410
20596
14759
25587
4562
9889
24288
7245
4857
15819
32195
30147
14965
10493
8061
19941
17512
30047
6120
30509
3888
18022
247
22231
4587
584
1365
5362
7226
8883
15945
4792
17222
32190
10461
6939
8193
6944
30271
416
17071
27039
15207
9072
32676
26828
17402
32429
31055
6894
3183
21506
2935
21308
10096
1662
31685
13391
4739
11682
4995
29398
15849
3512
1699
12428
19398
27239
19459
871
19075
26501
19183
32018
28273
27692
488
18078
3759
15376
2723
9333
26957
15119
8021
30351
29361
3850
1326
2280
13370
5108
35
18481
32292
22056
13297
11973
28844
1792
5727
32224
8308
8099
22211
5899
23080
9758
24263
2523
18786
18615
20589
10715
1739
17277
9553
16583
20868
17444
21295
12539
30660
16400
6564
7210
12994
28848
23865
25171
31189
27149
13213
3313
4313
32675
1330
31347
21974
27503
26571
24043
4572
27465
5813
26378
20785
18548
11252
9804
1711
32116
32462
368
32359
28191
19342
19499
25482
26103
2178
22813
23946
20663
3142
5892
2172
24876
26948
3632
19649
6726
8828
21047
23013
28271
7553
15337
18631
26907
30148
32646
10490
5793
5397
29487
32108
7753
13671
6555
27717
17062
12244
17675
9746
15398
15585
26240
18467
8679
2562
23851
15921
21708
18529
23077
26437
8401
6363
11360
468
2203
31051
2270
9007
28500
5900
8992
15899
5301
10937
10722
31931
5988
16695
31749
29111
29057
5622
10701
25751
9083
25203
5708
15728
297
18178
19742
21443
21782
12490
24663
9378
19996
24849
25274
13332
27444
31162
21036
7611
22924
13067
1640
6324
30938
7860
30707
29375
31217
7181
29523
18080
19345
24992
3196
29125
18820
16359
26251
3368
25062
343
9142
28023
9413
2973
4483
28275
29162
9767
25913
3478
14581
2534
7316
6136
32688
7762
22205
28531
8861
1967
14713
11013
977
27279
13985
5751
7173
2201
17874
21820
8683
6792
26213
11420
15294
2935
32162
14610
28445
31067
25904
4850
17177
7889
15824
9806
18573
2586
23116
16923
31918
17763
22185
8848
14818
21578
12196
31439
10966
10911
28253
16839
29642
103
15437
18009
1584
10023
29565
20153
21110
17503
32506
18200
19488
5460
8068
17280
29721
8210
26758
22783
23883
30130
2379
4615
24429
27097
13934
533
27676
25473
18322
15505
14894
11004
23892
13045
15171
22837
9086
15922
3996
19514
893
22352
27697
17655
23318
17236
9981
4676
2900
13926
23965
27939
29637
12851
27161
27202
11750
9105
6658
9416
7387
865
23485
1614
9571
32442
22046
20522
8716
27204
7737
18932
26531
1249
32628
14659
28143
19859
2529
1720
28831
28826
23243
13374
7296
4060
21391
2191
7411
27274
12973
5115
7583
10241
17183
29285
5219
18926
5610
