31090
26737
4419
30730
6127
5061
17693
23606
2173
5670
16411
27164
21101
3247
20922
32468
15305
19792
16378
12523
1849
15648
5221
31064
18727
24820
14926
26801
6178
23600
21079
15519
7296
20957
24374
27024
17224
23548
12216
27819
6223
3354
10757
31241
2976
12325
23591
23330
9761
14974
30150
4485
29044
9295
3893
4557
5916
6943
25011
10960
31457
17060
21738
27929
21621
30680
1468
9881
3159
19023
10815
18073
24568
8135
30470
15859
4381
13825
27043
12162
9348
30415
7273
1239
29642
21103
1911
15149
5772
5143
21234
31903
26317
25809
7825
22937
9367
28809
25183
13965
31973
24932
19644
16871
30657
9556
16805
1602
4522
12778
24374
27868
1080
14955
11117
17479
515
3109
20273
8034
27072
1283
659
8328
13485
22624
3667
1287
9264
5657
1702
1236
29370
10214
9014
23165
3058
14570
22635
1886
4112
15240
5609
10264
9862
377
20058
27967
25574
6683
11373
3155
18176
27404
6430
15602
4426
14072
30521
5707
32390
1711
14361
24790
8094
10363
11702
12355
23763
14768
15839
22960
25366
28292
23235
6686
182
3105
25782
294
13628
18681
22834
29672
30868
1882
29468
23621
32109
7746
8265
22606
29409
9332
28737
32251
2393
29131
24643
1825
16043
19151
10377
31134
13702
27270
28364
8150
7184
24205
523
25956
26061
26982
905
27657
23747
24340
8469
27880
19932
12261
17549
14838
21643
5520
23717
29612
2482
5759
8933
18175
6596
21358
753
18321
1575
21301
1805
14889
5596
16610
28128
25441
14689
20491
19832
11934
26070
15203
26511
16709
11104
4490
4877
20012
2763
17450
24270
15695
20083
11583
20900
31685
27236
32438
27552
2034
10176
20538
19597
3581
8033
16203
9150
10372
18368
21904
19722
6543
6677
10606
16148
4035
4800
27865
11984
19417
4328
24170
3138
14926
22882
20658
15497
21851
16596
15311
13597
25383
16666
3388
23637
25660
32232
10734
21292
17975
31921
22172
3140
11972
5064
31326
21547
29386
21702
28537
11998
3555
30251
22137
11915
11791
72
8065
10139
10153
16732
15840
26096
26010
19709
14820
18283
10700
2745
5363
24498
12770
6142
13271
2352
5158
311
17242
1885
26818
5688
19219
7743
4916
24028
25215
17201
16380
27884
15444
19171
27287
9283
31761
14498
32689
6704
2522
4825
28567
13084
22659
24792
17643
11629
20971
13781
5019
9386
23947
27952
21523
20447
13646
31740
32434
32579
31907
31674
31611
7448
19921
21095
14862
13779
12684
7098
1494
19325
13509
14247
27267
30809
4294
8743
15547
9415
6525
30779
6924
21608
26136
20014
31526
20099
26579
15131
5959
9639
25358
15792
20470
25234
32419
24113
22004
22098
23926
12736
12400
22442
30286
8923
29562
28599
7651
8998
15034
14803
30520
10859
15458
31418
15914
9951
2145
13036
8265
17063
18394
12370
6120
8858
4308
25379
32112
585
8755
31241
17146
20796
7143
2432
3612
13695
1891
17023
9218
5982
17488
31835
23489
6764
11651
5608
2793
10186
2605
29153
8281
28069
8018
4746
24920
30721
30077
6291
31969
18101
9905
10560
26941
1207
18594
32711
16344
17562
18213
11770
2893
26197
17126
