30449
17201
9218
144
16087
21854
30245
7527
9933
31044
12633
18531
7257
4199
29402
9306
1858
12928
18005
21975
25402
28808
11435
32459
7360
19987
32755
8831
13637
25823
22718
1485
29326
26285
22686
24464
7513
29007
32233
27993
4931
26883
25786
16484
12265
19711
6457
22218
20814
14925
24348
21751
31613
4313
4718
29535
24431
28361
1423
29805
18734
30220
125
14012
14651
4150
17745
14218
11565
9355
15885
6506
23452
29785
14228
824
26429
4492
19962
27474
19790
9084
28158
8965
4917
28169
4053
13894
30564
20202
3882
29603
10623
9538
17506
12409
19905
22388
17188
7526
20380
27449
25113
16129
18335
25584
28656
24265
30877
23349
14758
2140
10252
1972
17924
26346
21931
9791
27241
5864
5736
31007
7369
16393
5760
20904
9974
2922
1768
22545
7966
18956
31212
1410
18837
24456
29462
1133
18389
17662
11857
27426
14532
14415
25166
1182
11829
27532
551
7076
7088
18606
16962
31760
8822
7559
25721
7783
24256
17400
3959
12722
6728
6757
13669
30605
2058
24678
19911
9851
27980
19391
26272
18044
23516
27027
20701
15330
24985
8148
27632
29792
20788
25342
21692
27236
2104
29701
31665
29350
22088
14987
26168
2049
27048
3927
8017
2435
25856
2819
7034
7872
604
11508
5076
13931
26486
28304
7297
21287
3896
5802
31312
6810
27773
24897
31644
23235
10776
20331
22641
31118
11287
13196
24049
678
13897
19915
26870
18315
23549
3271
29689
17892
7437
18053
15411
18454
21531
32174
16897
29717
23067
1783
10381
15483
785
8928
14507
26583
22556
24481
2817
8775
12980
22369
7531
19785
7472
7850
22430
462
7307
30490
17163
30864
18279
6747
31238
19622
20050
12629
4647
19541
22857
19361
1520
19498
24186
27457
25009
12357
22094
30863
14249
8184
28839
12916
8046
6033
12135
28378
17551
19571
2609
16228
18551
5996
32627
20060
31636
22850
13988
2029
12729
3471
6090
25490
13761
32719
31808
25038
8310
22200
23734
4638
5809
27082
8313
13612
12994
5414
29173
20293
7441
32675
15480
16141
6150
1823
14136
11377
807
18195
8600
25566
6528
28010
5287
29104
28488
20884
3561
4590
29377
470
5979
18484
29792
15076
12465
13296
31278
32177
24034
29905
25198
14214
32486
13181
6528
12370
21694
8835
26373
13121
22454
2960
5700
9615
17127
15589
32205
32671
30975
27400
10843
23623
9797
23226
12543
4718
17367
26410
27771
3290
24630
14440
10732
21571
20741
15900
2221
32684
12814
17016
4471
32499
21894
10603
18637
29606
2450
12312
16535
3096
22282
16518
27917
5300
7548
11673
16598
13202
12404
27457
21617
584
23034
5873
7381
31235
26205
25683
30036
26070
7471
16954
197
20305
19345
19416
9698
6486
17329
23089
10991
15656
30096
18895
13469
24005
1289
18615
11309
9590
271
16541
20696
8612
8246
12628
30831
4333
9844
3976
17215
22391
22569
31663
18231
3460
7774
25917
30285
23623
16458
28183
17437
7415
22043
8779
20179
28193
22771
22526
3916
13122
29744
19366
21624
12949
31728
19577
3587
17706
11476
3364
10804
19768
6405
27841
2837
26292
26229
19459
22228
1570
17000
17076
10089
31148
11826
18786
23929
113
2370
11093
6778
27679
31839
21700
9753
196
10802
20808
17112
1761
18693
3728
13820
17345
2506
14167
1702
19464
28767
14995
14400
25743
272
21231
1050
25967
26462
8828
22101
21340
31230
13987
4609
9013
16421
2143
24706
23512
23555
19625
4152
2619
32397
10547
18015
15289
18560
8536
2099
29353
15523
20307
24408
18741
10060
15792
7546
13930
7973
29953
817
10635
816
4562
20007
28587
6665
30431
29308
6010
13932
28548
873
18272
1270
22132
3876
14792
26416
5294
29188
21439
32713
3245
25830
2493
21539
17887
19151
1730
10002
27737
467
18853
28896
30921
15157
11433
6292
5292
7887
2898
21107
3777
15796
31351
18376
29629
6165
18071
27617
8000
14945
11377
8794
22792
13744
32718
6814
21093
30562
13474
1194
6124
17411
32339
788
19312
22898
31065
32332
14894
31811
4871
15651
9032
29793
9128
26249
17013
15608
28366
20635
29430
27538
32231
16605
32460
4736
2321
451
28200
8827
25136
29047
27427
3979
5693
28118
3503
15656
14561
16827
9165
30111
3650
30593
18945
28856
1821
13507
26627
11670
17173
870
26040
9182
3402
11226
11360
4124
1838
1180
18449
24418
30100
23296
15716
32306
25610
22829
26478
3741
4713
3433
29170
18861
24746
30359
17364
4097
11515
14845
28113
28087
22546
26187
29038
5519
25538
26585
29742
5964
24524
4657
13064
21854
6391
25293
18968
32191
15971
24866
9365
2587
28954
16349
10499
2867
29160
9068
30122
17283
24941
12736
16710
21794
18032
20305
13312
1771
20086
11619
19613
25818
31891
3464
9718
16312
14977
24167
12456
20475
32751
5563
13580
32744
1051
27551
12650
8442
11683
23304
26729
4231
13465
2963
13258
4001
10965
2177
28502
21051
24207
26879
4117
2444
19245
19883
15297
28089
3161
22357
29818
2734
1879
31490
11451
21580
16021
22327
22413
17866
900
28276
18683
4181
31399
27390
31429
7418
9706
20449
2393
26054
26932
15158
31998
27180
15679
7586
13139
17062
1192
2847
31992
6047
14146
2303
17291
32657
22448
32046
19414
2155
26419
8887
26694
28725
19392
10121
12191
20726
23638
22396
3055
17366
1934
30863
13761
16256
18548
15475
28562
13770
23957
27470
5513
13464
30297
11193
21858
3581
19091
3082
8876
19364
20567
12505
15156
29039
1036
19645
20417
21341
30401
17751
9473
689
5829
10642
16580
5713
26225
23848
30568
21100
5449
7529
28052
29535
12100
17208
25130
8154
22119
26198
21622
17982
15000
17891
23212
26954
17330
6689
15505
8183
8661
13180
9848
19616
14336
2759
2160
20326
5345
9929
30140
14291
28139
31480
6275
14782
20650
9092
3529
26990
32339
8855
15774
770
9632
732
917
16655
28378
830
15224
1676
3639
12274
1594
24555
20583
3255
23341
8073
21866
13404
14709
6472
28068
4483
3517
16762
19763
5286
8233
13058
2432
2903
7819
24757
5396
31948
5849
30215
11694
12186
30175
10979
28818
15553
24113
3802
2339
21481
27492
3968
11700
5355
13693
15891
24220
8851
10410
6238
7048
21157
1328
22749
790
7965
7077
4642
4255
15547
6495
6519
27731
31423
31020
1221
396
20466
27715
16309
20316
14565
20347
31764
10088
19325
187
380
20218
9135
10418
8241
13905
3465
19656
19273
14908
4210
15700
7696
9191
16306
13327
20650
23284
29749
14025
24570
32205
21387
4698
27843
21561
18484
476
5645
20526
20251
22039
21195
4327
15968
12605
3770
7221
26970
10968
3724
16922
17885
28672
24390
24212
30392
13265
21735
28087
24450
1052
23626
9726
9623
22109
9293
3299
16989
24813
25139
14765
2764
5241
13639
14986
20525
18867
28098
20445
32289
30535
15087
29145
23014
1041
1165
21583
18134
2445
29557
23748
13360
6799
28029
16071
6171
25140
2203
12930
7144
12056
14670
31118
23960
16073
16441
9740
27294
23932
6929
22513
22502
11775
31930
25761
6933
11759
4269
7360
2323
18987
3485
9284
7623
6024
23386
4303
28961
967
20469
16957
32094
4804
18469
10616
6791
31727
7913
29076
21307
15360
18543
16152
30383
28391
5173
31129
3059
1538
23150
21390
2679
11923
6311
1119
31693
31857
16810
26815
27312
11518
17571
32060
17222
5720
3969
26388
2210
5844
4255
32587
909
6312
31652
5114
20102
32231
21928
21482
25351
2227
3224
6241
3082
5038
7643
316
25036
11953
4149
5950
13009
29633
17644
26792
32296
10302
25642
21514
25328
32350
26787
30040
10523
2778
3703
26944
18290
17127
10586
23227
2777
5736
9714
3811
17109
31330
14976
25348
5963
30640
2755
28917
27531
4600
17178
19881
29324
6877
28392
5633
22649
17782
3644
15844
9581
3583
11954
21906
15740
18895
2964
14645
8690
29578
31045
24250
22495
1944
8160
13790
6099
1238
18716
20108
10982
25995
17779
14694
6395
9373
11395
22178
3142
8965
31924
1815
3596
384
24091
29591
170
17031
3230
24192
31449
18562
11609
13198
26672
1081
4929
18931
4843
26507
14087
3242
31466
28770
26176
32008
7677
24550
28098
17300
5470
29169
17233
17176
11391
10435
29307
25080
21766
248
20672
32195
7190
8631
15606
15624
1233
23851
28140
13163
27675
5431
5198
3063
22944
22629
21448
11702
25112
19232
22382
3711
32458
12580
1372
10256
32334
11058
5529
17245
29336
32008
4162
3623
16434
28560
30436
11983
13001
9048
7465
19053
15083
26434
29879
12573
14607
26493
20565
9369
31190
18611
25167
27917
18320
900
31260
12326
13570
5172
17727
15980
1383
21152
5995
19155
21940
1655
32234
16524
27424
2982
8768
11041
19172
6932
16395
25793
32575
2960
12845
32473
11710
7944
23341
6372
25274
12283
27867
6531
13858
21296
21299
32208
11643
16809
18052
13039
32548
7891
18642
11751
6879
28415
4728
13744
7053
21013
12817
5006
1593
22151
25497
7581
31320
30853
25296
20396
14159
8560
15583
26190
6966
15248
25918
12335
32476
11785
4565
2469
4875
21771
8802
13959
8973
19018
5914
3650
24686
4526
23187
11817
7172
32331
25313
9741
4141
25491
28160
21262
8280
26314
23922
23728
12743
1211
29992
2098
403
8106
422
22043
7152
10633
10595
7701
22706
15983
28014
7422
272
17221
7511
10557
680
23747
16973
338
21444
21147
17796
26801
27868
13043
21978
1745
31580
18969
20665
15488
12710
17010
12863
25465
22619
180
20636
11320
1239
4181
26300
3597
6394
13380
12839
32112
28718
28630
10277
23700
23973
7171
1573
23103
24547
23762
16735
13016
11645
2834
6585
1986
32544
26187
21479
16616
15060
8948
24279
11417
25730
10470
26700
20887
30644
5649
9417
10090
3741
22894
20144
10490
31321
31284
8363
30045
12406
24399
20299
29422
12722
11022
17903
10399
19974
32540
10984
16784
27108
15537
28378
28384
10430
5385
27493
7107
8391
32278
21765
10196
31741
24434
1079
7085
10855
2967
23006
2997
2459
22866
17124
7482
9604
29045
7972
25024
30306
9421
3976
31896
16402
24147
28526
18100
30352
1446
32081
25785
19386
26041
30373
854
19031
27593
11010
11733
8791
21139
19077
29423
2652
3523
29556
19429
23162
2479
17184
31180
17467
4933
28176
19752
19431
31810
9051
3005
26370
20390
16214
26786
25621
10852
4463
17047
32690
3165
14681
7320
19122
13711
24426
1203
17857
25482
19521
23830
22045
804
9131
15212
30618
10862
18120
21098
20458
28391
8553
6564
1819
27631
26301
10150
2401
3454
301
29248
5654
29461
14724
26913
16383
32501
22867
7847
17105
26000
19604
29430
20979
20797
1677
30024
17542
28207
11767
28548
17059
29352
21600
20497
22499
30570
15566
26092
3877
13423
30117
8952
31627
30169
18890
22678
21190
23852
19721
8822
31892
17083
1972
29613
15238
19296
1421
31239
21255
1648
19430
19358
20122
10222
31495
4779
20067
13055
7888
11165
31977
10398
29344
26984
4634
3729
7285
29728
1936
25244
9044
30150
25106
19956
9451
2402
13406
11510
3701
8273
16165
16153
23774
20961
21080
4898
10279
18715
21410
919
32269
17632
3638
22389
20453
24120
12234
23333
30667
2278
5859
1453
6395
576
22100
32292
24447
8765
4609
5480
25355
17104
6377
2067
12581
12660
24676
7338
17032
24328
17576
29208
24523
16862
12946
4699
14654
7695
7844
7550
13845
10257
27978
8391
16072
13707
12385
28209
1721
28775
24057
2076
6424
16425
25690
30020
11523
23936
16198
4336
1266
17435
29310
11116
23891
30398
3464
3768
11889
18837
7342
15234
17818
9928
11082
29266
31105
335
15169
23813
32225
27144
21966
27772
6755
31495
6529
16021
18626
3373
27015
8282
32301
27644
8747
121
9197
31657
30365
26101
839
1395
23538
16154
10404
7732
9581
7350
495
23350
13821
11654
15423
18759
27398
3567
9398
23056
9316
16366
4265
15266
3502
24402
4352
20050
3255
26153
29920
11463
31067
5496
24456
31313
632
22063
30073
27516
25658
9819
25818
15590
21404
26270
19738
3149
17195
7132
18903
18412
25869
31032
9471
10248
3651
17983
29749
26310
24363
30050
9590
10815
21833
32426
16124
21718
10822
21159
22114
12234
9273
31146
778
9223
15142
13108
20412
30018
14276
10669
28559
13124
12164
3673
14861
21894
462
12681
12946
13567
14990
27406
7925
22586
32239
26355
29034
17835
24934
10860
2471
20547
22003
25865
4422
4674
1956
25135
30571
2637
22106
11977
20390
3776
19407
18235
6171
2885
13016
24983
10976
15526
13288
10260
24230
24287
6870
30652
6812
376
10720
30564
24976
30225
7663
6881
6231
3391
18461
26233
2928
5526
24692
1688
30692
20743
30200
4036
7024
21613
8168
31443
4070
1378
21570
12636
30161
10839
1925
15979
12888
16612
31162
30585
17509
3676
21685
12699
29958
7845
32665
22265
26387
9542
19354
28802
18961
29890
24071
30686
13398
37
31623
1444
26734
6876
6307
12238
2494
27337
21380
11370
1127
16535
15102
3218
11373
19019
1742
9117
22553
21532
9504
28311
31131
2949
16725
4079
31732
30872
10242
13168
26387
8597
11324
28274
3902
3259
29203
28754
21428
5214
16988
5919
12433
16698
19380
15510
10225
7943
29889
20305
18008
16206
9147
3131
18002
24186
7979
27719
5974
24370
27635
6754
19440
4070
19599
1446
13088
28328
17818
25552
8445
24382
19348
14324
10909
1909
32226
12655
22841
17848
4886
30494
6285
30176
23153
13005
25726
30798
30374
28914
31231
12087
13793
10396
3893
26176
11016
32678
22233
22603
27713
7984
21215
18320
6836
11343
14933
23535
6034
14596
30349
15236
2646
16747
31614
4477
7243
2357
32616
30504
3406
27992
21943
29520
1493
32261
28970
970
18992
29915
20788
25931
13071
23386
24227
3453
3909
30106
31615
2897
21195
17725
18997
16790
14088
14498
28660
12235
12367
23131
22104
15665
23722
5346
12358
14885
20438
24199
17943
2989
24718
25005
19704
13649
23309
30006
19856
13612
15566
31036
24036
26178
23958
27650
12920
23828
10676
19242
19127
29298
20871
5416
15509
28817
4674
32502
25459
5725
31724
12809
30275
25872
22699
9861
18668
27652
6465
28077
15600
1733
27351
157
9548
16747
23034
26427
8608
22311
9955
19307
13455
32539
12027
19586
6505
31599
3998
9982
7431
7841
26143
1140
32247
15132
20749
1993
6106
12557
5813
27045
24073
3698
5352
14629
27007
30067
24063
5328
7667
15606
10011
28621
10820
32622
27570
14163
26650
3059
27207
27744
24267
28056
24184
1454
28027
31993
7230
11747
24712
12307
28785
12807
30245
7257
27274
13372
5700
24324
29613
30377
16826
24490
22247
21176
31901
8466
7860
12417
14321
5191
27588
4742
32388
8683
10494
2464
26903
24014
16582
9529
7614
6335
14203
13244
24202
17570
20292
26442
27492
24259
6413
12975
15164
21610
5836
29332
20580
5552
21257
14069
11318
19088
4509
16598
9725
24129
32186
2098
10515
21699
31019
24117
7750
7865
28893
32683
1152
24438
23199
11191
31912
22874
16422
4808
19651
29791
31572
12745
7775
4847
1978
28056
31793
10489
3419
698
21245
18755
2226
7501
31158
7426
13303
11581
1255
31144
5535
19131
26961
2301
22562
16107
12757
14193
20224
1245
19605
23728
19718
22207
13143
21112
12237
6993
29482
28071
17541
18329
22347
3481
27120
2263
15177
13744
5041
19131
18536
25908
4807
28118
8771
8542
18261
16975
18102
26031
8100
6871
9467
28294
2154
3038
12307
4594
12877
11015
28776
6853
20643
25306
22704
23018
13692
11962
25108
25080
28386
21270
13202
8454
18783
26083
22688
19650
23488
15177
19218
21693
25
2716
21565
20233
24073
24463
2397
4870
27199
11172
26420
30329
32573
3047
20724
24798
29532
5852
30303
10496
20497
18102
25901
28870
3694
21449
18862
29520
31980
4930
8880
31042
12903
11798
27811
26464
12906
17464
2043
7004
9901
20495
24278
2795
20956
24103
3551
22814
8090
27943
5234
22000
30150
2563
20481
7196
11005
31858
18102
16689
18016
6051
1369
19431
27799
811
5237
25780
7702
4163
18614
29851
10910
28464
29334
9797
32263
22786
12600
32082
10814
385
27796
30705
21130
25957
15061
28334
23571
18629
13567
9868
1956
31186
32469
18772
22704
11205
1530
14380
28051
32278
15446
27755
11547
1007
20923
23212
27975
24544
12489
3106
30542
18388
17167
25131
3299
1348
16498
14375
21176
17834
3539
22410
17473
20281
28396
29232
5306
28107
3963
5873
8555
11291
10147
21622
22827
11572
16271
32330
15651
14889
22104
18484
24276
22535
28713
11205
32604
31240
20385
19501
13300
9225
24184
19539
13246
4414
2406
19236
12990
13093
4928
31274
28197
7352
9061
609
19926
11751
4952
11079
16163
4933
16302
30771
11479
28162
24619
12263
14458
14361
11048
616
6352
14538
18487
16654
16803
7499
22026
23767
14530
2491
1937
7936
15434
13911
7267
20439
7716
27888
14431
16331
30927
31389
24211
26309
8544
27053
4957
3515
31431
6111
27087
13954
3667
31958
88
13795
3449
13511
12449
13298
8401
9077
30390
1691
10337
17247
21350
6782
20766
30007
11756
24061
9136
25495
30927
25234
28790
20208
7686
10342
15562
21955
30304
18464
5510
3347
20515
28411
27334
32026
18675
24860
22768
22075
32502
30242
754
29240
23862
17406
25035
30117
1863
27653
11597
9628
10281
15939
16929
17843
10351
10003
10507
4651
4001
6893
9071
10858
5344
29822
24853
32683
8904
30974
17193
7157
21147
30398
20614
21833
8859
12800
16180
16672
27575
5132
14126
31765
23146
20608
12905
6622
28385
29928
7699
20864
18524
5774
8472
14787
16342
4756
11243
10724
5608
5183
13699
4747
14315
21910
18852
25340
24669
20012
19551
20113
5765
17466
5852
1640
20826
29680
20823
15193
16802
16653
11881
31787
1879
9902
27529
17415
22094
22883
15058
19756
19995
20360
31239
31717
2351
9171
23252
30136
10051
1577
24662
14561
22266
11958
21982
18431
8897
1852
8946
15884
1274
32427
8341
24210
1883
15091
21449
30236
29072
7446
12625
7915
19240
19329
20155
15851
13486
13980
9374
19430
23574
19360
17953
16118
4188
18857
12732
10304
14439
27916
8003
23007
12595
25834
28448
10527
22319
18181
7903
8428
16100
30163
26353
14474
24792
11473
26025
25222
15538
10010
31627
2028
14238
5176
15558
17338
14835
20282
7167
29333
20500
3078
12880
27323
21140
28401
18577
28729
22941
17037
1494
14686
32658
16322
26424
5999
14067
7201
25817
6044
14209
21108
26658
12339
18083
22938
30543
19988
24329
15762
14894
22117
31631
20181
15395
28806
2404
23529
3952
11335
17771
10547
13747
22617
2273
6925
29104
7427
18753
17944
26193
12054
20324
22995
9963
12067
27117
6509
7363
2283
7908
22232
26065
26391
8353
9247
4292
3882
2540
12025
23110
14771
9570
31390
20352
15047
17435
27609
31201
3758
26505
23391
30747
7901
17059
8799
10351
21284
22083
21850
18475
17193
11469
8501
11377
7189
30994
32397
30777
3725
7284
12106
29593
22756
22602
14967
26693
16783
11910
23121
10066
5593
13717
4253
7231
216
25478
21823
4405
20127
5231
4873
2190
28597
20492
26321
20373
20678
4778
21702
11916
23193
7491
26628
23028
11842
4331
28773
2312
29081
22890
21146
21899
16362
11051
7803
18627
4846
6229
24476
14790
14330
311
23585
24820
9591
25577
13779
17605
17554
20272
8563
25541
820
31907
10318
16348
16949
22028
10257
11987
29645
27153
1247
5140
32331
5140
16801
26545
14089
23383
29341
11944
2463
19812
15947
18534
8023
22444
24675
13705
6881
25710
25403
15338
15432
16090
848
3035
293
631
28962
19117
5395
6594
25926
9846
9826
4120
15030
22288
29456
15061
875
12389
8692
32190
19246
10730
15421
11932
31915
32618
23323
23594
7367
20229
23996
31793
20531
22648
15226
17650
24385
16799
18003
13764
11255
1080
29081
4862
20067
26857
28906
22807
19245
13189
17251
27404
6259
25739
32529
2
25808
13295
28840
5165
21694
10525
25464
24816
10783
29756
9628
8262
2582
27823
7285
8032
21787
22754
32087
25744
17743
25411
32385
27749
18188
24718
5203
16920
16321
19278
3771
30502
14077
6305
10993
15935
5577
19003
28004
11615
28731
25005
22516
27451
3400
6375
20577
19422
8410
1020
19203
8340
27682
38
3516
16135
14384
5130
7980
936
24257
9533
13859
21328
21848
9990
15708
24615
28304
9830
16232
13766
17840
22357
20200
20632
2176
1871
16127
17542
4955
6415
16391
14035
4998
28059
13443
12100
9152
24192
21077
1157
5914
11615
25650
26568
26121
3240
16210
21423
29114
9638
16748
25196
4517
16316
27361
20263
8037
27886
26936
9887
29895
24482
9674
27413
4129
19880
11454
12134
21221
1145
56
28023
3701
4796
11214
7125
21305
11023
11324
18077
13808
9219
32600
12186
32579
14696
28744
14766
31136
29388
29682
9075
20805
21310
10676
21793
15003
13912
21589
17843
21190
32380
24380
15173
28282
30813
17376
27329
19216
6081
25472
15034
21977
29062
10516
11672
32178
5859
1923
14070
17112
13809
10262
72
30974
9066
23853
24769
28573
12720
11569
3188
29836
30993
2505
16057
25808
30025
1873
25554
16309
7240
10376
1486
28702
21046
4744
174
16409
24245
15612
16839
10934
18278
29325
5735
26
13230
13725
19899
4047
15802
23864
12784
19806
21696
32327
7321
8992
5256
29959
10833
26449
13868
8890
20897
10086
32284
13213
24868
15776
19300
281
10472
25826
11314
25661
21272
16064
7058
3180
12248
32728
19581
11859
30833
13925
9746
7966
19886
24337
21795
12268
30086
15371
5875
23936
7162
8794
8510
10297
6977
12657
19322
10308
3875
10499
23901
12816
14243
20760
9887
7938
28384
10337
17409
3691
13885
19656
13710
12983
7872
21068
10785
32487
4280
31756
9255
18497
13987
2977
23462
12357
3918
6833
383
27364
27454
12993
18416
13549
22863
5963
21596
3784
18075
30225
32335
3942
21917
29104
32701
25464
12439
14968
31370
19679
23344
10619
30543
13924
18274
4580
16732
12202
12691
15499
17401
25952
2050
16838
19698
27067
24933
13697
22610
24868
18129
22929
18798
26414
21721
19013
13605
16330
30714
22846
8551
10430
18487
2689
24052
24403
18432
26571
23142
11854
2648
7717
7538
6178
1079
6583
16747
29028
3373
5089
6663
32639
21321
18312
26470
28585
17977
16302
14928
14870
15794
29766
28095
17771
24339
10566
22941
24181
1605
17405
8910
22555
13797
2727
19569
26513
21157
575
28259
4303
11759
24212
13573
14146
9164
14495
3648
9921
20485
32532
10182
10434
7816
21815
8858
31182
15116
21489
8146
13106
9208
24867
2716
31992
25729
4410
17279
7189
14867
18180
4323
12516
10483
1474
30932
14803
17442
10622
26627
11869
11396
31134
18957
17976
2881
18874
30464
16591
2924
7339
6684
16626
5859
32228
30166
4300
23158
1286
10531
25110
21835
14254
23026
24203
30592
15761
26874
7324
5139
6860
4791
19556
10751
25717
8623
12510
18600
9078
5626
14678
4985
22939
26113
20253
10444
23785
15494
11137
28682
32050
22501
18940
4883
10214
28313
19116
9952
32300
15617
22787
18279
4401
8292
27328
10942
14528
25396
27422
28548
14356
7823
9803
10877
9450
21771
2331
30588
17626
10931
2302
4486
21734
24141
18480
13876
28500
26591
18991
22617
953
24689
19570
26085
5463
5907
5976
9481
13224
30498
23391
27804
24891
9160
28310
15294
23743
27842
32341
29883
94
102
2347
16178
11084
32484
13592
21878
27039
21196
22012
16692
20065
29392
14416
19286
13283
28876
1044
9000
22101
31235
19464
185
31892
11435
7455
18053
9027
26285
8753
26192
24093
29094
12272
3413
25481
12337
19741
23456
30319
12392
2812
10937
8779
18344
16901
10114
32128
7061
1756
17250
26094
15454
27523
16547
27590
13379
24783
24089
24221
12372
19480
26117
12480
9851
9525
9272
9416
7356
12455
1916
31086
30140
10773
29231
1952
26240
29433
32305
1748
31096
6552
14337
27548
17084
19511
5410
5242
10645
3212
10692
14582
27455
14195
24992
20207
15085
13538
16420
23087
8974
25631
27600
23106
3023
6192
2272
19079
2785
14484
10027
26759
24700
23088
18251
13446
17828
25740
15102
24664
28587
5951
25804
8310
27895
936
6890
4945
16133
20191
12639
13030
21934
20459
28517
1171
20393
24118
29714
31529
9298
25662
20023
16194
6825
2700
19337
20949
12702
3818
17150
15623
23948
7121
24186
18244
16131
13345
10155
23695
14026
1812
23601
8726
31524
16501
19715
26634
4691
10509
19726
28077
22107
11103
29471
11181
26120
4245
13058
6320
10034
2489
4588
7216
15936
22824
31254
9097
7915
12356
29099
3408
6725
5482
14564
24295
3577
26148
4977
30798
6356
18847
16668
14908
30852
10079
27049
21103
29856
30257
0
8768
31465
30561
24718
29562
20688
12846
12008
28524
32312
17275
14001
3133
21884
21959
21439
25728
15540
21855
9593
11528
7220
13522
4483
15614
5718
21926
22942
23600
27770
26953
18633
19372
13642
24138
15276
15502
18499
11721
2103
10518
625
7469
2183
17406
18553
18453
19721
29194
27101
1680
14817
480
18812
912
5005
5658
28504
6044
16069
30106
26524
15302
14246
13853
4830
10461
1040
29971
19361
30435
9549
4783
1310
20673
19699
9018
18244
4154
22795
2732
11261
22046
23410
30333
16819
29376
12416
10681
30483
12969
26856
20307
29712
25486
2783
18107
1067
9600
28289
7858
30194
23651
14704
12894
5063
21921
15806
7321
6627
30240
16397
30095
19867
1137
26868
3720
6625
25418
26021
8194
21773
20534
31693
7683
5086
31371
5308
9901
11707
1692
966
16147
22079
20785
3049
21067
28661
1844
26800
9925
31840
26029
24150
15834
19775
13809
5423
20904
23310
23061
17476
25886
25808
32169
28477
6739
15628
16035
15237
17180
26646
25242
8360
24541
28559
27701
30720
159
3887
9442
12176
15459
7874
28363
9264
12982
23921
29446
26347
19334
579
11
29093
10548
13796
11372
3840
234
22948
4544
31105
19759
16322
13280
30191
3769
14571
26711
27900
3970
6910
21011
18472
23582
9490
17761
5601
26443
25786
10264
14575
3018
136
8723
9999
24685
3023
12773
31454
4722
18349
31177
23801
14863
30025
22744
2147
23886
7514
9343
28199
5403
28905
5679
15422
2203
10071
16726
19378
12992
32161
9615
14852
9755
15075
12565
12748
17137
24091
18302
9887
5008
22832
8358
2101
17123
32051
5097
12491
24901
31716
9109
4807
27539
8824
23710
27035
18565
12697
24212
29163
12350
30383
8147
27890
12833
2654
16890
29474
19687
22607
2718
23050
19694
21556
21567
12669
25812
6
2938
7153
13381
10129
3201
1573
12561
30003
29897
519
9858
17377
15618
18644
16108
21098
12108
10369
19333
15360
3496
24666
15991
23028
31916
12521
2868
29377
1660
8985
24842
23116
18933
19099
29687
26474
10795
1929
18366
25251
4630
2889
12602
21046
8328
9397
499
18268
20578
6008
4591
4305
28936
699
7115
30353
786
6914
7946
25311
19781
15184
15532
7308
15809
4498
16898
30326
27515
27194
21954
6223
19438
24363
31575
17568
28942
28117
24698
16397
25470
14497
10502
15834
27906
30607
11528
30126
26423
23581
23830
18071
25218
27756
16611
2895
14662
6558
17424
958
25434
5506
17732
30655
7610
11123
7038
30503
14972
8317
1450
23300
11526
24258
14451
27682
9855
28700
32345
21204
22147
3076
7683
13296
9243
15539
31446
7964
29420
24454
9158
12872
18606
1191
17516
5756
26336
29162
11353
14804
11450
19701
24747
27337
21860
12452
27614
14513
26213
12716
24548
15753
25182
5758
15991
13555
5112
18030
15278
1147
1307
13332
3790
6430
30305
18162
17763
15885
27338
2136
19600
20654
7089
6021
9380
30180
26878
10511
29421
13456
6558
5509
26065
6488
48
15186
7962
18343
22529
14308
6290
7156
28219
15374
14032
17224
27481
32683
32337
27642
20702
6277
7883
29629
32583
14453
18621
14046
22590
5835
331
25798
20752
2287
26697
32198
2401
3657
9366
24084
14879
21343
27307
31248
4276
28733
20851
12236
19072
26138
26974
20940
9350
8248
18865
20234
29541
31756
2080
7229
30603
7327
20126
16987
16805
3380
884
13917
15193
30507
14224
24130
10296
28453
20256
26454
13038
7529
6240
20916
23228
17799
17584
21770
21801
28987
30698
668
14324
17043
25074
18572
32588
12628
5775
14936
17475
14235
6009
17060
14209
12736
17587
8762
13365
30079
10010
24655
32594
25690
18751
4104
1783
32057
4722
3900
13870
12628
22559
8828
12506
82
6494
4688
3051
8114
6341
11716
21972
12651
18560
22051
831
19919
15524
30723
5119
25781
6081
5505
1094
14807
9655
17870
24088
121
6346
19947
32511
23116
7416
14000
26113
15761
13705
1043
7631
1665
6377
29095
5951
14317
32435
22627
2044
12066
5134
8613
8572
20239
2620
27510
13363
26282
29552
16912
4871
22159
25056
4766
19203
14826
32028
15170
847
5784
414
23644
6496
22665
24226
20234
19820
7273
26168
25835
4897
3455
17303
21801
23190
23253
11188
31414
25986
1945
31763
18389
31916
6851
15325
4829
6562
29176
13108
8249
22702
15278
3267
3508
18182
23698
13721
756
24899
17446
28471
19267
22036
29871
18407
15510
24884
16974
27984
4039
21145
3437
3400
3622
5615
31836
14569
14384
20036
30780
32231
18846
23045
28957
10784
16034
21289
11619
28021
15981
24492
10350
19929
3828
26175
17530
8615
30196
31550
21443
1081
11059
6626
15597
30902
16394
32184
16036
12075
8224
12369
5760
8158
3960
7995
3883
28895
18862
20017
14789
23007
9853
31119
22151
31301
26501
15625
12455
21887
4939
4763
29052
27030
386
15811
12003
5126
31881
30447
14561
14540
7220
27441
27274
24512
15823
25658
545
15397
15712
11398
17536
21119
21549
980
28602
12452
16510
14297
16640
27670
6820
13621
4545
23184
31546
9382
20501
14559
22187
26748
22108
13299
12789
3661
26146
2102
5292
2281
19015
11037
23617
18064
25692
13052
21636
30563
10575
28958
14696
6169
20811
29205
1542
5363
16090
22607
13541
6386
24909
17642
21881
23879
5725
17097
6889
3339
20242
26600
18454
4400
31716
8428
7384
22712
1057
23295
10378
28964
19598
32730
9674
816
4433
30755
17274
1981
5902
10234
32522
18703
30545
6607
29690
1080
3116
19318
17562
16084
16161
20861
21
9463
16193
17597
10669
868
25238
11823
17736
12800
14015
25857
3372
646
1242
4841
13575
1915
19623
21178
24114
18277
31465
7477
8502
12344
24336
30753
20624
24337
9238
7070
22705
4134
20647
438
24905
19197
4740
5173
5061
7901
22825
27834
11030
899
942
23311
12469
12821
9707
9654
2788
2652
10463
14532
16438
22573
19027
14067
5201
3368
16314
8434
25075
17062
92
1791
22067
6124
31411
30904
28938
16549
14613
10030
28433
22415
14740
27964
140
18804
32035
12823
29096
27740
4602
23077
10241
5889
7483
14867
6503
19587
10197
16418
8162
20573
12968
18369
20211
13976
21995
19297
11805
17470
28619
26757
31908
13330
9813
27160
25237
13182
16534
19716
13062
11213
6913
29440
9119
11162
15121
30633
7514
1160
17967
23509
2694
28980
24533
31524
17938
22376
13044
32728
4104
31378
10899
18662
11096
12916
7609
30284
2263
31260
29326
4006
9095
27415
31933
30972
29209
30946
6940
10719
4528
161
22671
23220
3560
275
5162
7247
27159
3782
29845
3524
20435
22663
10933
9337
1716
20509
18312
14976
6490
19255
10577
22308
19378
12450
17398
26050
18038
1471
18598
20187
7155
28725
28862
10086
2575
32739
28654
27243
7562
21785
20888
28877
6788
30471
17784
7016
20032
28277
8074
25435
11815
30901
3880
17575
26640
26326
20851
14074
18366
32027
25333
10437
5546
26283
29829
12436
21251
4490
10090
26783
30452
1736
21699
10396
4389
4857
25638
4568
30084
21221
30087
8582
21829
30848
25179
15703
26919
23580
23038
28235
4346
11741
7506
15814
3166
23405
7594
26854
12493
32242
742
24084
16604
25661
23775
14553
18621
3396
1029
12275
9225
9939
27974
10665
4284
25726
30002
27227
29570
17114
26205
4445
12593
2797
16133
22534
16790
10722
31221
18179
24436
12545
24233
22001
31178
4575
7347
10540
19029
27346
13918
25057
13654
30632
32400
13419
22165
31385
11765
14556
24486
12665
21337
10713
11115
11059
9046
1452
10970
4466
27440
17812
3840
15009
11005
8031
21574
6166
6921
1339
4852
21642
8312
22474
14579
14029
29997
32372
4311
7351
1771
23041
14877
8802
20922
17767
30384
18838
14733
6368
29106
13701
10017
25408
25466
20153
27688
19846
14041
25418
12967
23729
5026
5972
31645
1493
29289
14760
28901
18541
7562
20674
3677
17139
17262
29692
26184
30126
32265
17665
1265
10188
29607
7555
14226
8880
29929
17713
14963
14221
15370
17379
4694
17204
12647
9240
5395
9258
22847
14755
25984
22270
20151
16545
26259
11481
28705
26798
27083
20567
8317
8281
7371
3221
16960
13525
31305
2700
20309
6641
16934
30877
12898
28233
15582
20588
17740
4030
20003
12018
6397
21541
6853
29390
27237
14908
17877
5340
26814
9954
2314
28425
12565
647
11363
25958
8966
19169
8462
9595
29383
27872
17289
28637
7272
31461
2311
8195
7256
4911
7189
26197
4396
2709
11389
26758
10908
12155
30315
15396
2510
14591
17614
28525
30424
13939
29441
5221
3968
4880
12715
549
21317
488
4836
16502
12452
26141
8601
20894
30612
2897
2097
20090
21843
16989
2672
2253
15716
13894
22172
10200
25561
3437
29151
29483
11470
11013
17389
16314
13622
9418
1510
13107
22746
16624
6270
20879
22942
4186
1371
2280
3078
30989
12223
12170
11514
17636
30822
10316
17606
2181
22706
8481
15205
30355
14597
8170
511
29478
1646
20878
30128
31608
19337
20301
24459
13793
20640
20049
13791
15877
1814
28038
696
332
17414
5548
5033
16274
3623
8107
22217
1056
755
13606
2300
10971
5896
8018
6516
17852
13774
30729
26231
30336
1114
28954
14178
4257
19346
9700
6126
6020
19858
11043
30898
27892
2639
20745
14569
17359
14202
19345
32118
11007
28584
13584
31013
17580
23727
7948
2612
32176
24915
9554
20754
22860
1570
14147
9318
9497
11676
2927
1619
10561
21399
29029
32506
10478
23522
30152
65
18179
13353
3238
14035
8971
19736
13830
27753
17006
11971
20672
24391
6635
11334
3986
13065
19266
31400
17519
24223
27441
12038
30234
15255
25506
26605
29684
6810
17955
9735
23571
314
8854
6138
18323
29931
13866
23949
4401
30542
1674
1549
27157
6070
15700
19951
12528
15845
22476
24502
16199
4630
32466
7191
8463
9793
6929
11611
27257
17562
31098
27142
8207
1882
5105
19126
25856
7619
21061
30541
25528
25182
22374
12114
9396
9864
11986
4501
18325
22316
28241
1810
21107
24274
8162
21784
2931
26841
2037
6827
4252
27136
7130
15654
8678
4652
15482
2085
20884
2917
2373
1185
3780
10785
24427
19293
15941
29381
22863
22145
21928
6249
25145
5765
11418
22747
12874
20049
30833
23015
18102
31395
9732
27606
10797
18608
1472
21813
8602
24590
32248
3032
4368
977
14205
32542
11521
20213
30831
22389
19378
4092
8530
20257
27371
2007
100
2106
15859
4106
28462
1012
22460
27660
28250
7972
17754
18924
13252
14335
11449
13882
24276
24868
17296
1829
18186
17885
12945
737
6362
9121
14563
17740
13499
31966
9169
10448
1147
26870
28356
13963
15061
9607
8046
25005
12613
19696
12873
4642
22555
22033
11072
17010
27855
16722
7851
13541
27284
5862
18049
1002
26927
6737
30665
4537
24074
22311
3154
6968
29572
27415
5284
29211
27276
12585
26166
8784
14958
12868
23010
1690
25324
32499
20117
4220
9361
22120
17483
18264
4930
16066
9019
17112
14102
29323
846
9357
12136
18309
2006
21718
3114
29350
9085
1796
20859
19809
22651
18619
22908
39
18701
8347
2144
13870
11298
32
1731
15985
31319
3271
30269
15864
26405
1139
21558
22361
31321
16654
32508
27519
24005
8051
4370
22442
13110
19852
1740
21687
1702
17335
25112
23458
12466
28015
16543
13129
15694
17704
6157
2930
10935
26490
3244
18704
5289
24962
5688
26562
8147
16006
26351
5277
14728
6359
18663
26155
32695
12796
26020
21939
25885
22028
11242
23995
26041
3676
18384
25036
24448
26458
24854
17269
25427
19897
5048
18578
4654
18127
22211
14031
23202
2107
17768
18535
10885
13002
32335
24114
26856
13468
3374
4830
19529
5762
4761
4988
24842
14507
7708
24895
21538
17024
28295
24705
22035
18892
3209
22791
10780
29984
29568
19334
13743
7542
15504
16486
9253
13076
32754
29637
29361
27059
24719
703
30866
28641
30158
32237
16269
13732
1962
1323
16539
1632
20743
20639
22751
31226
15430
19191
2778
318
19991
8433
24546
4478
12942
27169
32208
13180
8314
20207
17658
31115
1778
20447
2657
8432
14640
4629
16939
25230
3235
21784
11859
14019
7487
30166
26015
4237
11288
8936
18130
21489
19503
9752
11299
2973
20875
26400
29423
8652
13964
2997
11179
8298
27517
22724
1564
15480
17512
14588
19914
12467
31022
3212
2738
11120
27606
9774
6715
21451
10534
6500
21611
10752
22384
15873
4443
18201
1967
3308
8936
16330
7379
14881
5804
11929
15704
12280
21549
10561
797
20394
27475
9561
23924
6929
10016
4145
22901
11183
14491
7677
17561
6898
3597
5173
23940
16310
10864
4923
1825
25868
4389
9023
12788
24122
6629
2144
28588
7171
16634
8723
25848
10024
18351
22985
3484
9262
14597
25804
1732
17506
9895
23914
21400
18459
12832
30550
20496
30271
13900
21323
17930
11528
9484
13810
22682
28680
27966
9734
14753
5995
31981
13750
23969
1149
13252
31563
8655
32620
22985
32010
6250
8782
28232
5212
28492
30053
25356
3116
9407
8354
6101
32401
32401
22121
10759
13741
30571
23444
27808
5077
5726
20666
7276
18161
25791
8369
9340
19238
30261
14417
1748
179
14096
27515
15716
22809
29916
11098
10042
24447
21814
29161
22005
8276
11999
1718
20349
13366
30991
229
6129
29203
17676
10871
6113
3214
30202
10445
12990
7844
10997
3687
8590
27535
3933
14834
26084
21994
1393
9858
26896
21015
24352
4380
7059
22494
6427
6007
10454
5974
19503
13315
4891
29961
18642
15147
19379
4435
4348
15831
7025
24331
9272
30006
28512
3429
20986
7098
23985
18711
1587
22372
30455
6331
17443
6465
14231
22645
17262
5685
11641
6357
25459
15607
9732
25855
26841
19805
30794
13321
14698
29914
16255
2468
2597
5189
6576
2559
13198
4827
16049
1256
8265
25224
856
15413
2535
6498
7400
26978
30720
17526
14544
18043
13698
22472
15510
7740
12360
24469
16910
10104
30447
22235
9167
12215
18661
18204
11751
22819
27842
5470
18126
28581
16604
8310
9369
6475
14869
5254
25200
26093
17656
6085
2626
528
15621
13438
26295
4362
28232
9308
12647
29287
21809
24804
29001
30348
4255
7491
7534
18074
14910
3402
22511
917
6419
7607
21796
24774
25173
438
17174
15709
31871
14759
17719
347
30883
30498
22609
16815
13825
568
12989
28575
25560
1020
29909
5994
21884
23107
15787
29228
23721
22695
30716
20225
7703
6866
29535
5997
5198
19449
7618
29436
13500
1958
28951
20005
27397
14267
26955
18548
24218
5044
5752
19945
13965
9516
8027
24475
20388
30114
18440
20384
6316
18814
20700
29745
2319
3151
16820
5642
26025
21079
30044
7696
18392
4937
31051
17974
6866
593
5517
20897
828
10069
4352
4107
25848
7547
1475
12389
31550
6891
23020
9920
14062
9686
12409
10605
22308
6839
26250
2403
28685
26584
28877
27106
21498
8728
11577
6998
4787
22253
31999
7550
782
16293
15037
3277
2752
14833
24821
32529
6258
10659
29887
4946
1048
10167
2234
14589
18814
8848
27720
29250
20771
21381
23291
5562
15179
11676
16458
21325
24912
10645
25481
83
313
4907
4120
28409
18317
15254
3546
21734
11114
13652
32232
1311
20689
32041
28551
296
25924
13413
16728
9581
10899
20581
8911
29920
9203
25436
18918
18402
6480
25172
12563
25191
25828
3183
29047
13653
16137
22387
3416
20270
31819
1413
16081
16367
29122
18485
7880
29752
29599
5307
14369
19372
8708
3456
23345
28315
30745
9441
17782
9951
20828
23855
29061
16387
22840
18938
9027
12971
6362
13967
1112
7983
5952
5567
25825
23434
16274
7906
29797
6259
438
15388
1803
25033
24863
11743
15114
32308
26085
1969
4704
29194
9243
27184
21703
10607
19805
7763
19941
3521
168
30194
15299
2611
19566
5513
384
17335
5866
2873
29255
2082
24754
22287
18558
14474
5515
18569
7488
13043
24448
21846
29710
32555
12342
19806
11969
17139
29818
4098
32195
16735
9756
9893
8319
27008
12288
26731
2582
14400
22642
2880
15956
29068
9658
17949
31458
29881
28912
26758
189
12320
6930
2904
4582
30732
6228
16065
30556
17623
17847
22928
9031
7247
15581
19887
17270
10846
6684
9709
22539
19691
26833
4353
8821
5883
10743
7628
159
3868
10488
3295
2151
11523
4802
23357
30546
23156
798
27234
19070
31586
31805
27012
4824
16728
31892
25624
22926
19991
9963
6552
10440
27009
12464
644
3219
20149
2704
9895
8221
21628
30537
10395
31528
29924
1209
10895
5049
30762
6971
28744
26640
18141
5940
25190
1245
10049
8425
22249
15281
27122
13972
17139
7603
18889
7350
14799
3732
771
10414
23859
965
26016
6539
8898
17383
26378
29471
4821
14979
30455
3924
25723
13307
7056
22980
6847
5568
6355
27011
1833
26310
10038
27967
21895
15413
32141
7564
1260
24162
12845
10617
29178
14845
14162
20839
22109
29068
30398
9243
24984
8983
20643
4625
20228
13861
451
19219
7445
17896
13526
6667
18912
31669
17196
13078
14554
28087
26771
10201
9699
21987
28283
30232
18819
13614
4696
25732
4723
14078
11080
8661
6239
26847
21238
23065
11242
6776
5566
13900
10227
31165
28178
31272
26646
16230
3868
13374
2166
32671
17060
13382
21178
29441
24117
15284
31830
19393
4987
7308
6668
27431
8176
14966
27826
2882
8120
8725
27445
12507
1992
10901
11742
31143
2894
21891
7892
6848
28749
24802
5091
9046
6024
16251
13691
22434
15266
27508
22268
14364
11139
18212
9264
2286
1022
38
18457
28072
11440
10412
28910
27957
7211
31510
21856
29198
10068
31684
7969
6829
24585
27944
24231
28229
18183
18975
27694
18864
21771
14977
23036
6313
7992
13814
23528
12091
6841
18700
18461
22393
17319
12423
5404
26480
11053
16121
30976
29530
12522
16530
3590
28693
27542
20792
8268
22995
1257
22746
2265
13074
3256
8706
14814
28623
1890
16042
24635
8438
15210
12113
15941
29726
613
78
9159
23411
8471
20835
10055
29171
27353
31637
1162
28638
13373
18747
17498
17255
22773
29782
4486
8624
22769
24352
24363
9205
20680
15080
17458
17672
20825
4380
12314
21245
23218
25256
23799
10534
32305
20862
8891
17986
27624
2166
4021
4849
28486
21849
27223
27755
7924
10552
60
18290
17406
29443
26218
32645
15411
2135
3796
9815
23502
4246
22307
26495
4694
9789
29877
21617
22210
8818
25062
11437
7905
18141
12431
30262
26105
14777
26061
31302
1711
2091
17156
31296
27686
8914
8227
12518
24171
2207
15145
29644
28177
5095
8424
2316
17176
7606
4872
1340
21268
27495
3920
17821
17034
6769
23585
23189
30110
32388
15939
30304
5099
9685
15333
13314
947
30646
4318
19072
8248
8553
14393
79
12137
17718
12017
29453
23233
8123
21497
1903
12141
6020
2431
5499
27053
27355
31602
9463
3964
28641
12098
20001
7795
6878
16615
4768
20715
16086
28964
17083
15970
15453
26893
17097
23328
4779
22215
17640
6937
1779
18319
19186
15382
22001
25341
1197
31504
9155
27530
24130
14556
7673
10321
21233
21006
1007
7186
22530
11799
2395
11644
29695
18864
18210
9388
22048
16508
11888
8689
519
6632
12807
29138
25517
23895
6615
25170
24477
12668
13519
32114
13152
2822
23796
19704
14904
11907
432
2927
27153
2430
11372
26223
7348
9963
13153
13854
31038
17094
3754
19959
4560
16630
926
19146
2441
2935
6750
516
22193
7096
4522
30257
30007
13122
17657
29887
7518
1947
14536
16645
21171
25962
16690
28804
24386
3803
30401
23660
3849
22853
28036
19554
16301
19979
25185
16000
6252
21184
21165
28829
32339
7310
12794
3791
6321
29400
12848
11055
31179
1310
20960
25308
16337
22561
9428
21571
16913
3656
2795
19101
7787
3907
18724
17080
15109
21230
14584
11515
4160
21368
493
4261
20202
27332
4456
29781
14005
7951
17602
12239
12519
8916
31135
2813
852
3052
30843
20020
12169
1530
28038
10169
21067
1030
25522
2692
5952
13672
30218
27203
5355
16872
11077
30882
9438
4387
12187
18378
3114
8497
24791
30247
2075
12420
24750
18287
4898
16147
8527
20192
30227
10936
8251
3785
31120
27351
17239
12619
19397
12097
3135
15969
28247
26200
5598
29470
16534
28275
4156
7734
31226
30340
11926
9664
10445
20984
15284
6714
2341
17374
18551
31438
18453
1356
10418
3795
1828
2814
12858
30871
13310
20033
29249
25948
2154
7439
19679
32416
18044
13692
15090
162
1292
12369
6696
6689
8295
32502
17242
31079
9027
149
23324
10886
15353
29308
4242
10978
4590
16323
16005
21999
3922
29743
8885
3900
29454
22103
8049
19889
16119
27909
15206
27669
22088
29663
21429
25298
24655
839
13384
20221
17254
28543
2661
27281
19493
8977
25987
23035
21718
30830
14941
29404
297
22229
7238
24586
25130
5750
8380
18136
5743
28632
8511
20887
14998
31352
20324
17244
15855
32435
20261
30980
28533
7909
19323
31606
22275
7123
14639
1832
11972
14406
15340
11493
4332
32761
24986
28621
11685
30133
10215
1181
7500
27835
38
5680
8926
4450
17757
13126
29357
25857
22681
18821
20824
12559
22405
20925
7929
13705
8507
4464
8864
5780
7514
5522
10753
19812
31065
19085
20841
8284
20507
21896
2039
26231
28611
4841
9224
6630
12745
24088
7155
32251
6478
1670
14071
23621
11180
5615
19057
7421
14162
19420
22354
16032
31951
29291
7121
28894
28204
28754
27997
22195
30847
15394
28374
13268
3005
5321
30460
2380
21712
9051
15144
25959
24041
27154
4666
27343
2328
9363
25554
21237
6426
32114
6083
28594
15474
15609
6596
28719
20155
21797
17769
27906
17468
28402
20050
32665
29629
23768
30883
26844
12953
5782
13747
2830
30485
8750
30985
15092
29936
3633
22916
11322
26683
24892
21209
32018
619
8899
15171
9502
11693
24845
16757
19344
6777
22656
1748
18576
19306
8223
10723
21982
4941
32593
21758
12984
14712
20708
9548
16126
14429
5969
32239
20884
19038
9794
7037
19976
14563
1361
31668
15732
8618
28691
28009
28326
9823
5973
23746
24959
14957
1957
12197
409
787
22805
18032
29740
32186
3131
29931
32051
24710
14460
1915
16330
26923
28555
10392
24027
3586
31276
14976
15097
17756
21054
31021
26252
22294
32248
30853
28975
27757
12403
21202
12630
21012
21352
7025
15156
8324
24124
27086
4060
16020
7737
4240
18342
29257
21535
21776
15316
29679
19163
15120
29557
14184
19350
14506
22410
24517
4849
26246
29288
4371
11151
80
15965
5239
20949
18793
18326
638
17645
10717
9536
26542
10513
6038
3566
5985
24326
8143
2875
8403
29926
9419
4272
6777
5155
9158
31208
14228
4297
5932
13297
23559
32259
18697
5622
8805
27617
10688
11547
2127
12888
32513
32681
13565
28043
32501
2923
3610
3912
11195
856
3797
10710
792
4209
5429
22510
22122
6637
6572
26119
24286
22676
1264
8407
25059
14697
6150
27926
31199
21387
6815
3205
22304
30045
17320
13359
3349
3301
4125
22510
16318
28530
31774
20274
17761
17538
21060
14078
4223
6114
1333
13619
30214
22295
18294
273
9160
15869
21889
21755
23340
30382
9752
11642
17443
28837
29912
31109
27742
13092
23313
8192
18111
11986
27349
32386
16141
21161
79
17755
13803
26639
15702
21718
30987
31299
25410
32699
2975
19707
32511
22296
21264
9804
7008
25409
31731
28617
28085
28182
11065
29423
12447
17028
20389
13505
8483
1359
10116
13487
20990
2830
20120
4796
18744
20343
26709
24800
7164
29148
14928
9131
31911
23286
19188
17964
28447
28642
22646
1297
5990
30313
15372
5391
22127
3716
3418
2181
10544
25887
6701
14428
32248
1054
1644
13361
29699
25502
10316
32182
14668
8317
29890
4949
31394
31772
4158
3607
6654
2403
22422
22213
7956
11014
30016
13901
5672
18183
22213
17766
20771
21373
5746
32631
16102
8339
11601
31925
19678
979
344
6028
1752
18597
9183
321
26903
2578
21592
2517
6308
22990
6970
7980
30182
22646
4414
18287
15730
8982
9934
6830
11044
14830
32698
32714
21359
17526
14126
12434
9969
22175
8161
18732
21579
7004
21646
26295
31791
2145
11432
6446
27579
32554
26954
11407
20741
32576
11885
3389
7671
19896
7261
19363
3421
13820
7534
795
32316
18382
15338
10254
6501
13961
5199
348
30027
15786
14263
20734
11282
11920
4760
28650
6120
2944
11181
24886
10648
21484
20276
8321
3420
26101
31322
12175
4595
6446
6900
10035
1524
30371
30575
20338
32610
12826
21258
741
16768
18584
8770
24927
13543
26663
25486
5584
9685
1239
28749
13161
15560
16131
23037
28161
25932
32469
10157
12728
5905
26892
1973
24026
13632
4349
18852
9990
30735
3032
13434
25743
5268
18733
3352
19746
5846
21679
24820
26281
8746
25911
26897
11632
3005
23820
6447
13958
877
8033
12095
20839
16093
24351
22297
27863
23240
19173
13937
17169
26261
14925
29959
4385
20012
16498
5407
23951
5641
18351
12337
4669
7566
6825
27617
28050
23454
32399
15153
3800
18791
17056
16374
8675
28543
26862
24713
28148
18739
19554
26046
19421
29212
26625
13594
18277
20979
9069
31552
28653
15013
18607
23213
7252
11434
1843
29349
9753
13715
10260
21101
24511
7395
22427
11451
19062
21280
10242
24427
20215
22314
12669
9075
32176
1483
29563
31001
6689
1934
23336
9316
30086
20693
4919
19920
23734
26662
224
6981
7499
26310
4644
21834
26115
26505
16728
27767
1638
22504
29153
29480
20905
24404
2621
24441
10451
20682
28483
10606
28702
23208
17579
6513
29600
26815
5840
23298
32554
27817
20917
10154
11633
92
10566
7728
12907
5888
22241
6672
9468
12286
20501
7977
3026
16474
23210
11702
12686
17986
8673
4735
1060
15079
12540
1873
900
22155
30465
14251
890
23259
14268
32186
17618
22400
3587
27527
10689
7409
25406
29808
2432
20875
38
19157
26426
23779
6860
17939
4136
7515
1501
25782
25851
7155
25893
16106
21114
12898
2899
32051
15724
22374
25852
10078
26040
1368
5346
24504
1227
28419
9589
24189
11066
30390
29594
16787
8616
7064
13996
1144
20715
20796
18880
13434
30058
30069
6702
13606
8649
22636
24397
10498
21705
2799
32637
21119
9833
26380
18027
297
20562
1759
20624
24353
5489
7592
20475
13005
19686
26400
3665
26830
5149
8462
20498
31282
27706
17173
32029
747
18107
26832
12919
7296
17752
8737
8520
20739
12590
7621
24358
14915
27933
25132
2966
8514
26479
2184
28368
12778
20154
11813
30147
5883
3591
4088
12121
4680
21555
1146
12028
25891
10902
18359
30809
7446
24291
19873
22628
6356
17487
3755
20380
22894
4086
659
29072
29642
21626
15743
23970
13906
24813
25420
13579
22249
1777
25891
12831
15651
3101
15693
17618
15541
19107
7496
22652
21546
17712
16922
9945
17368
12820
25317
15444
4371
16803
28092
4485
18848
9179
1717
24056
7020
4423
32063
2096
5246
23330
11190
22251
7979
18112
30005
18344
3721
14378
21932
11879
20262
28681
14386
688
4089
24773
1948
32214
30616
24301
11598
28285
14764
12506
29265
25946
8354
16783
30374
7994
24484
31460
13018
20550
16584
2788
14299
13445
903
6259
8458
2466
32624
11060
27793
22000
24349
19113
11767
8363
1895
6300
20210
32641
32470
27326
21116
7504
26971
10127
20008
7730
27714
27261
3511
1207
3682
13136
5350
31857
26775
9413
29579
11702
14962
5753
8160
32417
14126
32265
19231
25946
7910
29560
25679
12183
30726
21713
15709
25443
32000
19725
1646
7455
4672
16950
4980
3782
22625
28365
8191
1141
11937
10858
1367
4650
14738
9634
5831
20171
16915
7469
6203
16491
127
18504
782
24010
10276
1625
3357
18714
18167
4050
9760
10249
19845
11863
24378
15611
21293
16419
28878
9623
27277
2728
21141
25222
6714
8309
6637
3191
19892
24157
4724
23143
21145
17366
17622
23839
13848
10911
24547
5118
5801
8614
14309
16120
15867
28456
20528
4575
5934
32282
8954
11489
21827
15048
7021
32339
24017
8892
30203
29101
19449
3041
31474
4053
8091
26344
18256
29856
27850
235
6104
15766
8062
2128
19045
22005
10121
22769
2431
17401
8397
21369
22060
23387
19371
17425
25608
30999
27071
7229
31640
11379
21194
1024
22236
28989
21999
1607
11299
24404
15139
23685
23331
29546
30943
7578
28745
21767
29207
21497
29262
15825
20592
16138
11787
26124
20142
17357
29838
6749
1899
20673
32621
24275
7183
14596
28506
17191
18428
19131
6392
19523
13321
9396
5102
5890
7730
3914
16441
6199
10638
23689
13766
7664
27265
5011
21056
30204
818
27458
22823
23978
25663
22543
23074
7892
1456
12595
20886
32284
11306
12556
14199
24182
3685
21697
28766
15847
28384
24361
21724
28556
32212
745
17167
14045
5990
30685
28274
10291
12832
32698
25081
29320
4514
7665
26718
30334
4501
1750
20149
20131
7393
2561
13639
11508
9504
31732
25245
12704
11858
25343
19675
7950
17106
27489
19792
3872
25481
26288
12874
3514
18529
23163
9007
15486
1276
25133
2761
25562
26023
26676
31714
5445
6281
31331
17425
17093
30496
15765
8403
28597
1007
17556
19165
24261
28784
20025
19377
24898
16208
11988
20848
11160
22235
26829
29935
21269
6070
14476
9740
22767
19404
6039
12867
26249
394
31482
6524
7922
10063
20716
9511
10670
31518
431
30091
23226
8855
30648
31067
7114
32549
29456
907
31445
4728
11258
29537
467
1846
2262
8911
15302
12781
27461
3840
2807
7757
22670
28465
13442
31892
321
11714
17684
841
27674
30605
13044
6445
18471
21878
24896
23407
10797
1091
26746
21535
14665
32431
18499
29925
3795
28089
26213
10739
19847
29506
32535
6456
13287
727
27261
25046
11739
15564
23407
28631
10651
32650
31611
14363
13262
9001
2093
28821
7924
4930
21901
6328
14849
15102
23018
26155
23114
30579
9942
27076
15525
1073
29554
180
460
5655
7148
26111
18947
6252
14917
30768
13307
16427
15448
1866
17141
27037
6936
16129
28714
29741
5913
298
27499
4217
7762
17521
20229
13477
16161
19274
19175
10996
19599
18218
2823
28313
6102
15350
23809
19146
25376
14268
22785
28695
29074
12961
4580
29690
22665
11034
4250
28335
30243
21087
7887
11077
12546
23837
9418
7670
25932
19563
7829
5300
8950
17152
27742
22020
8515
15011
541
8719
2951
11746
14967
18934
2865
2567
20706
20839
13064
32072
18187
20078
12213
30014
14709
31629
24962
24985
26466
12302
17249
3857
29174
12952
17200
11936
5786
6657
28475
23790
26783
12387
7427
15885
20003
3186
27966
358
17465
21772
20766
25075
11844
25362
29910
30383
13476
13687
13147
26443
30357
27542
30567
22819
4947
14793
11716
10352
20099
3127
11463
16831
21454
19437
13595
12194
24015
31281
28607
12453
17455
5650
3410
27011
13582
68
27279
1946
7589
20779
24084
26525
1578
21814
4967
5257
25844
9070
5946
13018
11488
591
30958
11262
6899
3798
9559
11786
1857
23003
24255
21420
15629
28577
30253
2144
7729
32172
10727
31975
5569
2770
19765
16374
7659
30101
7528
20267
23841
11440
26651
13380
7803
22000
26297
659
10582
22341
29503
18605
15426
30233
31299
19043
12059
224
20022
5875
117
14065
16358
20351
21053
25236
8262
12733
6558
22876
3954
15089
1570
22199
15598
30488
25626
25795
32046
20582
32319
18275
22620
29427
17049
7571
30293
6322
11936
11512
3061
20898
18082
3003
11668
7240
7268
7320
10960
25180
10508
4402
22413
11715
32318
26282
26171
10685
4742
4207
14168
17504
11510
17752
16949
1093
13328
8944
31484
26241
25574
6929
23026
22742
12159
24500
26618
9259
20861
16647
29787
23354
20477
12736
22466
8585
30655
26033
26763
24219
4743
16029
1084
12647
23746
31563
21074
14345
32365
23768
9281
32696
2867
13905
5814
12536
19925
6786
22559
19472
25295
7176
14445
2495
26169
21422
26136
13355
14571
8438
31844
3098
8420
22773
18148
3684
18669
22372
24124
11689
25465
9717
554
21567
29904
11747
21704
17006
2156
10189
23307
7392
21923
15812
26256
16211
6023
5027
19608
10129
7179
10654
3665
3234
20071
19742
22103
30272
16573
3021
28538
26763
30972
23788
6338
30718
1285
29933
23216
22946
6668
30526
16839
17281
17217
31331
8779
12638
25520
4679
18761
24995
3942
21716
16087
7835
32726
3265
32157
10209
10107
3755
17300
20505
10430
25704
24590
8925
13337
17048
8951
9978
4477
31868
20826
4317
22769
27148
17190
31048
7805
29763
3635
27722
5446
15294
25216
25709
28154
3461
31679
1585
29806
6697
19475
12217
12422
8975
17432
12485
3670
4619
23588
16096
20870
12080
17100
31195
22523
26855
21674
5241
28595
25151
16734
30060
17393
15236
467
25728
9627
18707
964
6167
13024
11372
11902
14037
8733
905
9447
8604
13314
8815
26815
6587
4337
2818
17190
5986
5542
5917
5726
25690
21277
2274
31955
20210
17840
30031
22872
2365
1921
15634
15540
2170
535
1951
17501
30932
25420
29823
22147
6476
22886
30443
24400
5107
23172
3993
29551
9820
31548
22742
31691
11857
6274
6357
20121
28357
22731
20039
22936
8458
18547
27435
16791
9796
5468
12776
6969
27934
11737
26777
8437
24507
18122
22184
2656
28144
3336
16542
26799
1968
1539
22073
11383
7111
25513
18112
14520
28363
20362
28563
10010
24144
28986
22790
8566
25692
13303
30063
29848
28443
3980
22142
16452
24787
22645
19661
26742
19481
23364
9656
11246
16454
18244
31599
1004
14885
11355
19273
12601
3310
4149
18012
6758
22392
24222
4170
24408
22954
14640
24669
17925
15923
27183
14551
25720
11386
32433
10371
11291
14040
19458
19088
14901
30982
25670
30879
4530
31441
15968
25371
8739
11029
5395
969
16389
1768
16743
7840
29254
16662
5199
17626
14597
32206
29576
3659
12698
30362
15812
31986
15318
6804
14856
16078
1163
32472
5715
16882
6479
13109
14720
20188
27006
20264
27757
7427
22654
19210
7773
5551
17735
31112
18587
14605
11042
13652
13665
22915
16304
5914
11767
8513
12847
18358
21535
5657
28665
17060
10929
3984
4685
7351
4483
21301
22866
8974
14475
19249
22617
26181
20040
2848
14179
1512
27997
5919
11747
20525
3456
8486
6853
2530
31634
12441
23982
29348
7439
26649
21894
22866
681
23968
10292
21697
3632
14541
14248
29873
12213
2940
26655
32512
32239
6298
7074
3358
11742
32056
1744
7617
11693
28637
17118
28378
26333
2593
16604
13255
27552
20599
570
31690
4995
27723
14986
23738
19280
19533
16007
13816
7219
7948
25687
8101
11803
23494
14605
23058
18787
19838
12146
20856
7090
21584
11269
2538
17440
20738
4672
1927
27290
28379
14109
1780
26247
16312
23769
6666
14507
24156
7160
31947
23628
2824
23945
13979
13204
30283
19115
23469
4919
11804
21840
699
12630
24870
15937
17146
31650
27747
15459
20045
6340
26348
10552
31672
6397
8208
22184
22040
6665
17315
29186
786
25162
6296
6206
5706
14114
3539
32645
9429
29345
2360
23027
11504
7264
11528
21915
9714
2476
1901
24011
19583
18663
24659
402
32511
23596
6522
9088
15950
1842
21705
22189
9909
13427
21734
3324
29978
13709
19459
31393
27763
25320
3323
21217
12161
24217
21149
16921
25274
32390
4423
18690
10887
8651
1720
23859
22959
30045
31775
29416
25619
27629
28279
21505
27037
27920
4375
26702
28019
32668
24197
21257
3440
29525
11148
2468
19924
19913
28814
18374
19770
32376
15643
1168
29899
7736
2497
19748
30898
15832
23590
10344
15567
2052
29013
26631
29104
14952
25174
2745
32189
14873
30465
5061
1714
18224
6931
31684
12115
5048
10626
7847
23899
16842
526
19195
7093
3318
7449
22124
27886
8933
4536
23432
8683
28477
16906
1222
2263
24261
8649
2247
2144
24010
19230
15323
31523
5569
21946
23239
24420
11821
9250
29382
12035
5315
6986
2765
29611
4300
30822
29203
27469
9676
14589
22481
20685
2401
18751
4166
7419
12397
27800
11007
21444
14199
5253
15957
12714
10831
6567
3127
19825
28401
2838
25642
539
22444
2039
26253
13591
8324
22353
3362
19638
23508
12828
7370
27358
4664
29595
25744
16386
6569
9196
28137
2641
26602
4318
570
5422
25636
26882
10651
19681
31693
3333
1755
14988
32461
2876
13508
31840
1764
31105
2208
3600
28230
8510
24060
30086
6537
12743
20395
10198
6337
27885
526
14960
25578
464
25235
13465
13958
2548
124
5404
20102
23703
25314
24636
4718
11330
32761
18926
25269
8863
14741
20549
6762
28298
749
23086
798
30826
5023
11869
16381
12482
19445
22151
29758
11523
11879
17106
10430
1701
4705
16778
13543
12405
29766
7957
11991
13873
1716
553
9918
6738
26890
22588
12680
17961
10023
26172
1725
16429
26229
20865
13733
7316
25639
13568
13743
23584
10430
5825
22035
11580
5330
20883
20663
17223
11023
18174
1104
14384
15230
28025
6601
11331
21509
3805
6376
6210
6706
19226
12335
1464
29236
13096
13312
8586
5930
4161
6405
23759
2209
11086
28111
4065
29015
10399
6077
21428
27461
19422
22304
1383
17629
14406
22172
10265
11153
272
18898
6398
24468
7726
24379
18866
21732
6460
2391
29901
25992
1716
25352
183
30998
8033
13112
1214
17785
3606
21442
9317
3313
17823
32656
13567
32091
29432
19457
24957
5299
24509
20877
16517
11991
22754
18347
4292
8334
28068
6130
3972
968
6847
11391
7553
6440
13794
32152
9720
25279
11616
8846
31746
23579
28712
27112
8736
29568
4599
15549
12311
10357
32716
20834
19198
29570
22685
28998
25493
23353
15944
22041
11992
23155
13004
25140
3284
31708
21945
14389
20922
20146
5605
30185
9522
6345
11105
5744
27633
27091
28075
16283
28558
29662
23077
32409
14481
19742
24262
14291
20174
32493
15632
19988
21489
1552
6466
17645
11353
10300
2510
25176
10794
17112
15117
5019
28317
30469
31538
6511
30107
22236
17021
16226
32651
30710
2993
8826
19816
3890
4295
19227
25366
31154
16356
7722
17398
22311
31881
26995
23992
6479
265
3912
5488
11452
29761
5483
10988
7894
1923
6959
26181
25891
12499
31449
17333
10694
21846
6732
4520
16710
30727
12006
13590
11665
16556
30885
2063
21057
28425
14478
1688
15901
3667
26191
15797
11747
31975
26915
12487
11333
7228
22518
10520
29489
15638
1226
9141
29269
7165
22361
20860
7907
494
15099
23925
28817
23888
9163
28006
12261
26409
28421
4257
31151
10386
8883
4385
7127
29801
20617
23253
12120
10565
8205
27964
5005
20399
17403
2866
11948
26767
24295
7434
6032
32740
6948
30940
3259
22456
31205
1312
23707
16212
