31031
29874
10544
23574
17073
32684
27205
10761
32644
18032
19073
26371
15817
325
14679
15294
24101
15818
16193
15063
25746
31903
29866
3105
18018
22370
24588
25151
22913
17117
32598
28274
18682
16765
144
18095
12988
6662
28097
29173
21151
26246
20497
3805
24226
3976
3627
18547
30838
1929
2533
3396
22593
23216
16675
15544
5276
26297
30200
16034
11229
20275
8719
14614
12956
491
14666
22651
19312
24488
32680
24032
19450
23832
30316
26516
13093
12299
9340
10224
21675
23775
15879
32376
24028
14395
28522
10019
6043
12545
20309
29686
2473
30333
15401
17623
25382
20195
10405
12705
19540
12792
7106
6772
1439
31759
26587
4687
30682
19767
23825
22496
6604
26803
31470
20634
20203
10410
25929
14857
9063
23072
8297
1378
2410
5413
22637
4447
31647
25932
14314
13897
10481
22111
4567
22614
3477
14673
25254
29750
7498
13684
27828
23017
25311
31212
29667
2515
14582
9060
23685
26642
9
10752
12669
14863
30122
27538
21920
8787
4367
9744
25698
3741
2253
30278
1454
19505
26084
11976
14613
13938
18428
6955
23595
13235
16110
884
28718
29771
23942
977
25321
10215
27016
3207
24280
7461
19696
7724
26253
32606
11390
5654
16210
9922
18290
7955
28432
11947
1173
6746
20848
17963
20600
5314
2111
28391
12544
7218
19223
7721
12834
2393
23100
29744
4076
4511
6340
32203
16837
13659
4603
13350
19189
24134
28165
12003
29800
16944
6597
15468
21422
24049
9726
21640
17223
7331
8632
6445
12318
32526
29670
22934
24659
22372
30789
19348
5949
27951
25479
28457
15024
7559
12977
20563
23931
19336
10690
6950
21301
13571
9621
13853
12602
32628
17672
22194
24816
4404
11614
17452
10063
2800
28130
15545
17824
30042
18125
12476
6020
30494
22378
18536
21049
10008
30584
26510
18713
20164
16336
9139
23395
12534
1608
24678
28478
10443
20694
1489
7675
13535
1017
1421
30107
17088
20564
8635
29585
20131
9116
10832
7369
11094
8373
9392
22248
1654
25368
4479
26326
31970
4472
17587
14458
21359
933
1006
21444
10206
32688
24332
8945
11787
21072
30455
28170
19814
18052
9923
12206
12967
16506
17143
10002
10686
32688
25384
19270
21513
19545
27085
954
3786
5122
15950
18944
7640
14709
27998
6355
28309
7134
9099
19545
1823
6444
13843
22437
30155
4026
11770
29568
21711
9007
2393
10857
13886
18595
9977
26074
3130
24067
4128
24781
24933
20662
5291
9087
30104
6016
27997
27764
4824
935
22647
10939
11909
11605
25737
28019
10965
32574
23943
27790
19585
9602
4127
3797
14526
25557
22346
4396
3951
5853
10274
13080
30105
25819
4083
3198
9239
24974
22676
28846
20111
10581
18168
671
30372
14227
10240
24188
32621
31831
8083
31840
5414
30013
28145
12383
15654
19855
8004
27589
8721
18864
22905
9122
28751
443
15437
134
22205
12135
1963
15241
32674
4910
31797
19598
5604
13486
10785
19913
10876
591
8774
14463
3623
5158
15734
24333
29534
5657
28175
18476
27785
7492
20429
20339
6768
27804
27106
12062
7922
27858
22345
22285
10233
23419
18775
13584
9901
30061
6291
21089
1768
8300
22471
27250
31466
22534
7511
24297
12111
25019
30418
11497
31550
3169
15047
18324
24802
32455
11482
31694
29214
22937
10262
16707
28028
12419
17285
7339
10087
7833
9470
30541
5019
31223
30271
4033
729
27300
12348
26619
26847
26813
12470
21637
16023
26063
19982
4364
21647
9604
23900
32286
10665
2434
24252
27698
6676
21648
17384
6121
31354
10490
1292
15251
29563
17975
30677
23029
12635
18890
7371
9802
15351
30566
22242
11655
2814
19541
16715
9443
10845
25115
6032
407
763
25686
25568
15842
7079
7656
26536
28497
26191
24920
29283
4669
28018
20598
6834
11925
30167
18238
3503
14814
26752
28159
26750
23159
6362
14013
20518
28706
15158
18899
15263
1472
8060
9692
9261
4188
1054
30420
4076
8043
5452
26747
10923
25170
27751
30714
24829
10025
9143
2249
12686
14015
21088
16592
10420
12766
1170
28621
14918
21456
1025
1525
28081
15905
1173
24030
4168
12711
2402
23964
25052
22720
5594
13099
28557
1755
32577
12301
4319
4410
29282
2099
15121
9462
385
30753
7850
15939
20112
5710
17236
9461
9638
21449
5613
4675
7084
28706
7388
25547
1370
25736
18081
32727
23138
2607
1712
20191
22762
32757
13440
28239
32064
4932
24799
137
8649
12346
5512
15918
23355
7431
13047
11418
25868
1175
24700
7597
12843
5234
17039
23761
30189
12768
27491
11576
14666
2640
14782
32102
20553
762
6663
29680
17337
19396
23969
14723
802
6498
7287
9255
29435
19138
21720
10181
11037
32167
15750
12263
31096
22164
32265
18112
32005
32747
16713
11628
27899
9302
22108
18809
24646
26726
21405
2981
10549
10106
28670
13289
6515
30691
1695
5815
16952
14917
30879
18305
1216
14400
24882
19578
1789
5712
20467
16288
24713
7410
32124
250
5086
7433
11828
24094
10185
29567
14185
21239
29980
28719
23199
18373
31908
9219
27431
28773
22874
23129
29171
12499
8925
16812
17320
10989
21536
1904
15605
22906
2656
27453
6436
23658
12378
3376
5870
23135
27066
31631
24468
7021
21206
17323
25643
16670
26780
2571
9527
16314
11465
28102
6268
31941
23133
15153
8465
14024
15947
12730
19894
6741
2164
24852
20839
10309
10454
24981
27186
20804
3329
27612
10821
27280
20939
5046
22347
24573
15685
10819
21497
18237
5358
2900
18403
14430
9254
23064
31125
3988
1765
28920
3807
31801
3244
2239
10096
274
18364
23294
1446
18900
7303
17327
14757
31206
25956
9752
679
22633
32390
6386
23187
32118
20015
7627
24528
25766
7457
26537
4443
2264
21334
29936
4375
27950
27888
133
24677
14169
15219
3636
19189
16151
18226
5711
29660
14073
25863
5272
14566
21098
21575
32353
24621
3309
30965
25586
17386
30374
1590
16683
28812
10780
11525
16747
26887
20285
9000
31408
1391
20387
5731
25599
8133
8213
24555
2822
785
17233
3101
19712
20656
27144
2672
5849
20464
21547
6569
28818
23514
22373
17486
22504
25423
12009
348
11824
12119
30829
19772
15750
25525
630
20212
6438
28095
20439
23963
23834
21868
29812
31247
4374
9391
12108
4330
12960
22787
26039
6321
10867
4935
25579
24655
12582
31181
1733
8642
26377
174
