31145
12852
13198
13822
17635
6280
5069
6610
20726
32225
13897
27913
4246
22391
4972
32303
12459
5341
14733
19226
32073
16680
31097
19240
4834
16211
16723
11976
12218
9698
6559
14396
14748
32198
30873
4509
19404
26753
24523
17439
24892
29066
30686
13462
28418
3827
7857
18745
778
5449
7080
7334
15112
8892
28231
25127
10161
17791
27391
24372
28715
24946
6727
7737
18882
6399
3567
16025
6108
15681
8369
1522
18479
2412
21514
5795
16177
11625
16456
28555
26832
27584
19171
6420
16740
20155
5904
9072
27362
14537
25748
23075
8786
21536
20694
20674
10627
9638
11833
11514
