30982
32488
4726
23072
26194
6551
13287
21902
14347
11949
21292
25710
11414
14275
9476
17367
15047
1583
21501
22641
18354
29065
1252
28958
28349
20328
32640
7392
4090
6253
20352
6135
6324
24195
29105
5193
14920
30820
24948
24839
822
1632
6768
13710
3704
13402
25220
9099
15635
23827
28671
29795
11755
29355
16404
30162
26587
20580
12680
31186
27141
22954
14254
3518
5735
2640
14741
11447
10928
23581
29056
28999
15185
9607
24726
2628
25814
21950
10971
30455
10103
12780
28511
20094
8426
30651
28854
5743
6268
2329
8615
27838
4448
1336
27176
2273
22343
29400
14475
22577
14641
24520
13042
14740
26242
6570
7432
7257
8792
25592
17907
1635
16668
20292
4740
17802
9303
5572
30641
20542
10439
8461
31046
6509
15027
7455
215
23463
1147
15522
8441
8065
27507
4719
6322
311
20209
9298
11053
31125
15781
6926
8114
11799
5417
13218
32214
3151
16345
21963
23023
13447
1253
29642
17867
30632
7845
5991
14754
27738
2860
16438
2376
24429
19231
30489
14759
9080
712
15110
19053
959
12646
11019
18434
24154
29383
4495
14781
10644
32537
13530
16471
26770
23806
4312
30880
21301
31198
24089
30320
13632
7297
2589
27617
18622
26077
1231
20667
3998
21548
1871
7728
28833
31810
14324
29386
7030
27934
20370
12961
30755
29119
9208
30673
9638
9529
15293
26411
19420
3335
20285
15659
17571
11683
23262
10026
24635
19796
9880
15573
18675
22855
26292
11742
18945
8418
22995
30706
32177
23381
2099
14570
9922
11122
2094
28997
14604
5566
27651
19158
21863
7368
15577
14266
15561
30649
9985
32141
32430
5933
15228
221
26301
27713
27325
25823
28072
9709
7343
21345
12628
22677
2554
256
14394
17370
14979
16795
1037
10934
19761
16648
14236
29128
27895
13317
21499
30700
5903
5489
20701
23823
5763
17340
5189
11074
22770
4764
3422
5644
145
9473
30374
17413
22384
9036
850
22176
2047
8635
31727
9289
16080
19240
3653
22704
6558
9204
21632
28516
1935
31038
22418
15523
32438
20568
4307
30833
10972
27259
12010
32743
31104
12473
8689
16590
10012
7220
13012
876
12714
28302
10746
1694
21607
20128
18728
8743
28887
7535
7330
25416
2313
5979
26515
22417
12060
5530
12206
31222
3586
997
11286
30245
28548
24177
7035
13847
25478
19489
17798
28133
27789
10490
11128
6622
21886
5335
11278
8918
5289
23134
7847
7360
24581
16946
10664
21376
22205
9834
22560
6650
25580
23107
12968
3951
16037
14865
24462
20233
11063
30588
3634
15796
25007
30184
12719
27184
15774
19253
20158
13156
6940
14505
24792
10486
1292
12330
6811
23064
6306
14769
1391
1701
16931
19707
17513
26220
14060
29570
32368
31436
20662
18091
13214
7809
11800
7745
488
18365
15437
802
7426
12410
3640
14904
32125
22799
9381
31659
2867
6402
3026
10837
18148
12830
29230
8055
14113
6597
7264
24234
7273
27783
23179
17944
12435
16371
25297
3819
30059
18092
13590
12806
22176
31424
27654
1267
8926
16950
8025
8989
8247
16870
15189
30528
16327
21134
29077
31005
13464
19489
9994
29554
29123
7010
831
26153
21464
21938
1249
22736
31104
16166
16254
12617
3937
30429
9869
25283
4930
15761
2479
2281
21104
2667
9780
17240
10080
25116
29153
25943
14997
9257
752
19906
19140
17030
14681
31560
16439
5991
3408
12503
3951
19795
9999
15955
12045
3450
9173
16782
9459
26696
11311
29557
28326
11322
16246
21895
18678
7921
22681
21388
6882
19589
20508
11651
1974
24859
8033
15836
27766
16570
26919
28647
19583
20826
27472
31373
29036
11070
15847
13118
16951
9092
865
3370
5536
25851
28195
6324
979
2868
16197
5923
31557
29660
8854
30363
7391
14920
3040
19021
9054
4434
31085
4842
23034
28516
16329
27485
26181
16594
17098
28089
26967
5229
16334
25712
15400
30293
3396
7111
19261
27918
29550
26502
21895
19670
612
12532
4744
21814
2397
8450
951
19672
4906
15047
29990
3992
3075
31276
29026
17117
29830
19177
11418
9258
17917
27568
11012
9712
27616
4519
9853
20135
30363
24604
30576
3612
27536
2165
1272
32013
22112
9829
73
15091
32614
11366
28492
24095
27525
29795
19081
10760
2340
18612
12874
32740
11894
31056
32509
15733
19711
20798
12507
32294
32340
77
711
29270
20002
19717
9337
16628
25969
8925
24539
10060
31530
20655
11699
19232
11735
2920
32131
29435
10923
2308
13485
6338
17858
18362
10459
2700
26537
21875
6558
3507
29729
11137
27990
14380
3616
29326
13649
29715
23833
17106
15671
24970
14205
13450
10661
2756
22146
21669
27160
7773
30499
20928
525
9197
3176
30036
28006
24284
26343
15662
9232
21368
30091
10528
227
8772
916
4343
4041
11667
6111
5804
1827
15702
22888
2271
28776
5427
7437
18816
17423
12503
149
3280
31920
6796
14064
1160
25958
4110
27072
19287
10103
27034
21529
9362
23351
30537
31365
25640
8233
18588
9292
4820
104
4696
31218
8854
9029
9876
27904
18275
4914
13072
19720
18460
6879
14792
11747
23485
32162
30665
829
26327
3868
11844
5460
11584
28186
481
13052
19464
26297
25685
17639
4016
16334
15415
9763
31383
30596
16143
26084
4021
13127
12721
22148
13707
26337
713
3528
17754
30435
29622
14949
6804
23111
17308
29378
13968
32595
4276
24832
19585
30657
25575
28728
18857
12316
6812
24323
11722
13933
8910
23360
18398
21527
15713
2833
11015
32512
15030
10023
28617
26097
25981
2624
5495
7232
4042
23021
6123
10412
30315
11417
3450
31624
28282
20679
24872
4124
4398
6555
32023
15688
23030
21660
31046
31082
27337
19640
8824
5506
27319
32393
28017
13204
12997
25046
10856
31822
15607
27741
3258
22507
2478
12751
23260
11863
28468
17693
23187
29332
1942
16114
19815
32092
12466
3456
4437
31496
21136
29056
14788
28848
24566
19572
13498
7316
17718
9264
20560
13754
14667
32664
13411
20185
9508
171
9357
24694
5440
24513
7763
15949
27003
11280
10144
31730
14120
30069
24947
1208
4447
17266
13012
27346
11160
32115
8204
12728
2681
10325
8725
6093
14061
7464
4688
9022
10102
7476
32374
30253
21444
26427
30929
11791
9862
12798
14508
21074
16768
12290
7944
5699
18398
148
29584
29232
8904
12811
28111
22473
29750
14669
24225
1484
11270
661
3559
16098
29516
32627
8319
26564
25065
22036
6772
20641
12895
5571
20849
11716
26595
5296
25468
882
6836
23280
1504
2321
24236
16070
16491
18320
30740
5665
26842
30466
21181
8549
29330
24460
28492
4974
26257
16770
15062
23251
6051
2253
1197
4199
26329
20368
1657
12038
11319
29707
12938
30862
6061
17855
15468
11307
7753
3538
4028
29144
18346
30390
10555
7970
28600
5894
1569
14639
20626
9136
7604
22528
26824
3417
6424
20211
4555
3325
15721
16012
23201
25558
15367
29556
31453
21120
23857
14018
29135
2906
14550
29562
9720
9263
29095
21843
6336
19222
9841
17598
620
17046
3498
25635
27210
26894
28490
29294
3886
20308
28892
14026
13346
8861
26580
22956
9562
28061
9763
20244
2406
29935
29961
13840
21163
12982
12842
20865
25876
13701
17125
32289
17413
26236
20961
18885
23697
31412
2792
4064
16364
5086
18681
16201
25123
21542
27288
11582
12554
26974
16489
6568
6006
21336
18941
18592
16557
27027
13548
21811
12315
25626
21028
8546
327
27562
30080
1901
25605
29971
29597
12370
10476
27616
12777
13200
29194
28730
31996
25648
23511
11274
6444
28422
12904
862
16731
11829
1765
9230
2068
22001
14653
14495
20183
24201
18968
16999
18352
20388
2318
24306
13582
20682
29462
31909
23507
8999
21825
17057
23464
26764
1960
12267
24979
23479
21666
13769
26827
24020
24635
20847
32203
32068
9186
26842
14245
22940
21090
28413
23449
2289
14356
4891
24294
25171
27474
32628
15072
20887
24878
27427
18243
6234
14948
839
3783
8258
23694
28513
20980
17031
11159
29949
11320
10418
30578
32405
3895
10917
29196
2482
2146
19932
16767
16468
1227
18930
648
16788
1847
13927
20283
23944
1141
17824
7669
18535
23023
12591
3219
2285
4735
15189
27617
9729
28036
27077
8021
22422
23604
23979
9470
16079
26932
27885
22967
26982
15974
24753
19872
9294
15618
32031
15567
24983
23528
13928
66
13715
16436
14087
2840
12087
17427
6983
18433
4035
24534
1541
27380
9638
10565
29367
2848
20123
23862
26797
6436
25881
10078
29591
1410
7402
7270
1352
11089
4889
6721
9401
21299
5394
702
3665
25223
25349
1113
10595
2784
29067
25943
30457
3509
28300
1298
24016
26714
3424
1937
30627
31790
24116
24411
17324
1815
13488
10637
25193
43
25047
4139
16028
11440
17710
9908
18325
327
31008
29945
8371
9060
7841
9262
27177
7937
3090
578
1790
9364
25444
20332
1112
25406
21377
2567
1529
21317
2279
11423
23562
1220
4502
4684
9751
18081
14381
30014
10076
14784
6736
15258
12351
9334
32332
1669
16669
6721
11262
14205
19017
19382
19697
24560
11602
4794
6086
20231
25477
3829
19161
12739
28083
26244
14881
31052
28981
32494
29784
31622
9772
16986
17244
484
31501
17663
3030
14977
4446
24283
20505
16237
30650
3496
23117
10308
17691
13068
20940
23046
31065
784
16332
2338
18157
14035
18239
8660
10747
22400
5111
2737
28816
13693
17678
30081
6184
24549
22149
12876
9331
12345
20011
14520
21336
15954
12224
23442
21051
20634
31835
23210
22651
7292
16649
18148
19263
27417
30903
27788
20083
30269
17746
14314
26381
4497
17452
18454
4757
29714
418
9230
30692
13761
20476
17926
5420
21916
1428
28927
3896
23502
26171
1179
1525
27683
15320
17200
4658
23742
25170
15899
20644
9486
19120
23639
7725
14590
14719
12110
26973
9324
17524
2542
15674
31453
21331
3584
26940
28527
10255
9141
27292
10511
12851
3970
31439
9963
12672
6702
26445
18730
27608
32554
5782
20955
31323
5408
24183
29228
29135
25806
3977
14301
27205
8725
23036
28404
10745
15181
28562
19377
30587
29404
1774
28868
22284
14087
9231
9662
14155
11272
18968
20934
20753
7264
31314
3725
16025
17262
9331
26500
3556
9793
27681
6476
21083
28331
26546
25965
31159
31894
15414
20044
26654
8603
15031
20311
8078
15057
25279
25987
30335
7395
28187
31736
8644
1638
18911
4362
5555
3177
8362
10092
645
13645
23083
22432
28672
13783
13284
5554
15443
1155
22318
32550
577
14107
4222
17711
10881
24201
3046
1826
11365
21738
15071
12585
16827
12771
18245
13116
4593
22840
14243
9293
6268
22426
10417
9667
19065
449
16411
6954
16277
2491
15492
2601
25131
32388
18123
14004
27309
27094
26765
20354
10821
66
19435
16066
26812
6016
10381
29450
22938
22276
486
13456
27791
22225
6842
23196
32017
8338
16862
30013
9543
18151
23616
16188
14374
1789
20519
27726
9946
10337
13755
10125
21863
3862
28871
22057
8848
13285
6078
29275
9976
30452
19452
4763
28551
154
26447
28947
14095
9330
8886
1875
25391
31406
6760
4678
18552
9134
21272
4709
31183
27090
9336
7210
10002
13708
11516
3272
20223
1977
13024
30489
18513
28209
5740
23768
26155
9884
14711
2064
15290
25480
42
6356
17175
26553
20230
6961
27498
27584
10792
14689
21077
464
22988
24129
11408
27596
14353
23558
8656
6052
3068
27435
8174
13794
5566
5549
26949
7808
12346
25211
25180
30717
11202
21800
25285
21680
17953
5604
3396
14939
25567
21930
29492
18435
28352
17083
1831
28159
32142
8522
8909
27728
10520
23673
9239
2864
12923
9092
26011
16877
24224
26428
5691
16376
11014
19384
13313
3129
16322
25159
11854
11942
17092
16296
29492
6164
28763
17022
27680
15437
7420
7678
11708
4706
1087
31979
24339
28483
2346
20676
7159
28300
19378
8508
22175
23970
14207
28650
31893
23807
28656
1090
25296
11210
15711
13252
15644
20907
24486
31347
9411
6877
27105
30601
29286
6789
2934
8809
28460
10050
27219
19413
8479
1541
29303
16225
14034
14115
16052
6439
22087
6568
32435
9149
21265
22767
32312
21092
4022
22639
12711
11138
3671
4568
27592
14163
29843
6495
8391
18139
1704
15445
23167
10015
24027
28159
16887
5268
24091
30370
25133
728
12001
6365
2067
3232
15194
8507
25560
8178
32200
5129
20328
14996
6694
28005
24118
19140
3082
10136
6713
2089
27600
31654
4660
22794
3829
4131
7483
6078
1985
2631
30579
19555
18473
13637
7193
11987
27635
13273
198
1236
28187
28704
5617
12431
19830
15789
12469
836
25749
25049
16852
10299
30956
30298
32253
15358
17715
23064
23370
25541
781
9276
2061
31026
14312
19849
16076
7742
18724
1007
7050
19828
7031
23645
22088
14941
16784
22232
1740
5691
32250
26826
21921
3321
7236
412
15967
3683
25951
15750
18221
14227
13127
15014
20867
28843
26597
17488
26677
4810
19253
18598
11949
10808
5284
19560
21879
10468
9148
20749
14340
7441
11266
24850
1959
16460
22559
13970
10212
29345
10303
12311
8170
30222
4023
1968
17758
32312
5610
67
1114
26717
32365
32037
26806
12170
15465
14312
19590
28942
13633
2164
20451
5422
5749
29529
32239
28698
17095
29284
17171
28448
6812
11121
6283
9760
9124
2431
2341
20800
21437
27658
29509
7904
789
24725
11309
21969
18831
6790
26747
11201
19305
7478
3571
24570
14619
19529
21119
28237
1666
22075
19572
28232
7485
11580
22551
29360
3672
574
30304
32043
1831
30284
2302
23100
3445
30237
3994
31092
18143
29673
19040
5607
20346
29563
26044
17118
25532
7304
4961
12491
24985
18239
13456
16002
25836
14113
31127
10917
793
30739
6808
31072
27120
4529
3467
25175
26069
1254
23942
23261
4894
18361
1852
4199
16061
13162
32453
26432
14879
6334
17053
20862
9812
28311
8174
4660
31343
20167
3090
16617
18736
13606
14163
8521
2528
13539
15606
8987
26749
6167
5241
7795
24855
7584
10264
8233
10874
18732
13462
23177
13325
31124
22073
3660
15098
14700
26391
32712
14991
32216
4752
19555
15333
18336
16924
13389
18623
23175
18247
11375
1460
32473
26361
19614
14225
324
10747
28181
14329
25832
5815
3618
7502
31665
14399
18719
6613
22757
5777
420
22036
20985
1050
2043
19071
425
25720
21972
23636
328
20612
12858
16836
19540
15248
20934
29011
589
32237
18195
8321
31431
26801
22385
5546
24511
18102
2014
20779
16939
28390
30258
20934
23764
19382
21145
30792
31080
31729
3398
20072
11211
28855
3174
13555
22447
11461
32339
15654
13412
2295
7179
12635
17137
8714
28640
4329
27235
21415
29809
837
11877
25757
8152
1645
13329
18543
12069
23686
2310
6670
17932
31939
24763
13287
14042
2954
15379
2336
1709
7634
12081
9247
485
19408
14733
28237
29910
22226
25671
9497
23743
26219
6844
8255
9472
8400
29016
19786
17543
8834
20139
1111
20364
6445
10942
6685
20862
1488
22695
21290
829
27167
3675
7279
12681
25894
7876
11519
26555
814
6675
29972
12978
17636
18520
32339
4113
8632
12879
8529
23976
2436
11389
13397
23855
10606
6268
5984
8250
30735
20628
16746
28777
19669
29067
13039
2015
1701
30397
29098
11766
1477
23663
29089
3121
31994
15456
3937
20339
24045
6305
32651
26990
25811
18599
22415
1629
1869
15519
5048
2806
19085
2817
15977
11930
17595
31848
7334
1488
19863
2465
981
4337
8799
1
15558
8997
243
16380
6130
13709
32311
18932
5888
31426
7097
3407
20366
18047
24724
11724
27437
7578
31124
13079
26797
569
9370
22171
668
20546
27458
25495
24329
15891
28868
23924
27789
21876
22296
24662
4237
30921
32606
28657
2745
18573
10620
10398
12760
31995
14089
1709
28104
2062
5482
14333
4800
5036
4922
11211
473
12318
9456
21704
13005
18116
23739
20846
2814
9479
6577
28307
9658
13198
12841
14399
29117
11701
7525
3259
18423
27963
24693
26090
24464
7738
16983
19676
17194
28509
2915
11169
11110
4685
21479
29019
25257
8300
9742
15511
5664
14278
30470
32734
14337
25669
15201
21638
22292
10532
6844
28622
3955
16037
1695
28203
30862
22535
14501
26844
13425
1458
23517
2500
1098
1974
25967
4473
1573
9331
24707
921
32763
22425
12638
27997
23531
27988
5070
31344
14791
24000
22729
19457
14802
31907
10065
17943
25800
20827
17562
18212
21791
11029
10095
32222
1421
17728
23250
20810
26826
4162
29667
3865
11927
29289
7939
21560
23039
5412
2104
25507
3293
4723
8915
24442
11422
5788
5201
6230
17480
18976
18048
26333
18363
6125
25827
17300
7224
9173
18774
4341
2591
1343
7157
19394
31741
6684
10811
5528
11973
1565
14695
19911
14174
12835
22564
11361
350
24568
29544
5009
11030
9788
12957
2862
25294
26786
24319
6800
10577
8284
23109
29859
7597
2259
26755
10809
13876
1180
20815
22181
2758
20135
7203
31365
5203
19386
27650
30943
1435
4126
15966
27248
8504
28057
4410
15168
12511
7580
13452
18042
483
23484
19173
25723
2810
1126
15699
7977
8004
3023
9863
134
21129
24875
31027
12165
29379
4639
26038
20252
15068
17016
17147
21402
8888
19485
32414
16955
28790
6978
22609
3833
28403
6879
27775
3238
28048
17761
21039
9016
27958
11679
20522
16484
7831
5135
28000
13934
5558
23610
24712
32063
22185
30317
8967
2488
8093
4530
11027
12102
5148
10750
4376
16310
11659
18092
9306
23883
5367
32042
13021
13070
18961
3059
2178
1894
15222
8637
26994
23784
13364
9459
3007
5488
17034
3941
21577
19313
31728
12863
23263
21897
16983
30263
31143
10329
28338
27659
27584
2707
1205
16683
16165
20308
21469
27826
7637
2741
10672
10395
12849
29853
31046
2866
10917
28121
7176
21704
8330
23406
4024
17835
26187
19501
21938
4182
199
7305
22385
15332
20471
3238
29780
2763
10961
31922
7330
14790
29292
17272
7629
11027
24676
21298
1011
20959
5248
8351
13482
29183
9618
86
9981
2016
14751
28250
23730
27841
26944
29678
207
2847
29256
8107
20316
14193
32167
17359
10857
278
31887
28376
83
3980
24789
21074
26436
24546
13465
3053
4601
30320
21801
1234
456
22725
21795
23351
6625
25569
18906
2609
30676
21157
2043
17354
13651
2183
4977
12628
30521
29834
18053
3581
28108
8302
29770
20387
10815
16419
2616
20969
28028
21892
29975
14218
21536
15426
19743
30189
966
12830
3421
16122
15752
12124
23128
15661
31171
9076
7157
21992
28955
27146
28312
26126
14015
3104
12172
11469
18414
8587
10405
22715
13499
26275
7971
27429
17933
23103
18906
26019
17641
30689
29328
30192
18164
25133
18087
5113
9267
4512
6908
17972
31254
23422
9998
51
24501
25868
31587
20345
12121
22272
14119
19084
2366
25910
16663
30284
29591
32420
1949
5506
15315
14736
3132
5820
32031
20480
15919
5209
28716
16499
26701
6880
26674
26318
13872
10646
8501
8601
5270
8527
17287
22379
28935
5508
16526
28835
7353
13222
27847
6489
22192
13490
31499
24469
16681
3334
15633
446
17977
20083
19765
341
12210
28819
1399
19939
30278
29532
26567
7215
3055
4086
23424
15797
9614
27594
25650
3156
18386
476
13732
15943
7003
13914
18713
13910
19487
18549
22483
9293
30733
5743
24278
2478
28913
26613
4078
30371
21912
12976
21491
4918
17972
3351
16972
18628
14337
17287
12722
8111
11305
17301
17974
9556
19942
20899
8326
28221
15334
15537
4716
2199
243
1142
31895
29414
32723
9647
14750
27383
22125
184
14914
10518
31790
3673
14068
23426
8107
22242
6807
30238
1928
24442
2694
10857
31384
436
12249
7088
29509
24931
9700
9091
8755
29872
12801
14949
1056
21097
10384
22727
3855
15004
9019
25656
15013
3429
27775
31958
26579
9220
17511
16136
27573
16434
25243
19823
16826
1462
22938
14105
10502
12851
16196
3576
12564
1860
16027
16787
31136
6858
30410
4604
10692
389
19303
12034
25185
2018
2549
22439
12224
27924
2221
3541
15993
21606
8830
12876
22420
24784
13394
7391
26607
11976
32659
1248
5855
8282
5613
19929
12314
12155
12886
3196
25813
15003
9036
22493
10281
32633
10846
15071
10939
14395
29934
23020
14748
3774
4661
8426
1134
23083
2696
3434
3785
23243
31705
26914
20701
26652
24448
2205
19288
17700
23868
25137
4746
3845
20340
4402
5318
31186
23747
6501
8204
20385
19124
32439
27366
26081
28106
1327
9360
31982
23236
11554
20571
15843
15646
16294
28755
19120
30427
32584
17184
5228
28034
20738
6442
27628
10343
29031
1281
148
9259
2593
27387
16749
32646
15261
13343
21624
25924
28421
10305
6210
22414
1135
13167
25529
16491
12628
6796
30782
27527
9027
25403
23035
19762
15062
29439
631
15019
29414
10656
8551
30623
18427
31440
24520
15597
13318
19214
22826
7340
4691
5067
16207
26479
32697
4811
23540
30407
2836
2255
25839
266
18933
19313
22138
23123
9623
11855
18383
18122
29717
1899
28149
16934
12763
21202
16601
24688
28506
14716
30368
11273
18177
32628
18748
9454
28520
7480
14909
17723
15822
2147
18666
12014
11461
28553
20113
26350
15148
28003
29979
16716
14174
30508
31715
25288
19113
2634
16073
31639
22786
23857
13186
8035
2294
6021
20786
24212
2020
21886
5692
1230
24170
31377
8280
8378
26909
5965
2791
14602
18813
26243
1924
21175
25384
9641
25820
11405
14669
19584
30655
21482
16484
26613
6775
30403
30748
7237
13912
5863
24981
4709
2968
648
9680
21665
11105
13815
100
24195
22565
2735
17010
25590
16434
22421
474
5035
18054
26238
18607
22716
19940
25330
22761
24464
14887
9776
22618
25086
7127
1137
30948
32437
14842
32625
28904
8155
28204
556
22529
13556
1778
2533
15347
17414
9292
24685
478
5626
17033
19362
26552
582
26463
22070
14841
7625
9531
5554
4504
20726
26838
4538
11831
6453
17673
12434
16539
31110
12514
19681
14686
24168
27639
22709
28648
30969
31994
12744
13723
21854
32398
2818
10574
12389
11865
3902
24317
20585
29275
8529
12222
25975
18558
23880
17911
13486
21614
16114
14799
4844
32682
4511
20962
29351
24540
3366
15417
2328
22374
17453
21369
20127
9277
18340
17498
24163
20730
9107
10075
31033
15406
6422
25269
12231
10742
14757
26765
30697
5072
18329
9581
12627
10925
32748
13045
23928
16200
12609
8910
3755
1205
17444
30176
21124
24893
6290
5061
7046
16745
23740
22141
28158
8541
16648
32355
21550
16487
11609
8799
23979
13016
23440
28766
11780
17939
31571
20991
24228
27363
17165
18831
14330
6674
4661
6968
1495
26423
2260
5749
2839
13775
14401
5065
22659
17551
20783
31409
2806
761
29418
25559
13503
25902
32734
11144
30279
10755
7001
2152
2548
18262
13458
31333
18252
28835
17129
9705
24926
27602
6000
28500
25693
10323
26539
27305
13967
19565
30100
29575
8293
11475
30946
348
8172
25209
11659
3029
2916
29349
11144
5017
18221
15689
27608
9014
4843
9616
7879
23643
12770
10423
14192
25929
29346
22302
20609
19076
23017
25503
20030
10446
29893
15646
25033
13141
5625
26209
20896
27180
674
34
11111
5368
21018
14691
17128
21996
1309
6658
8792
26871
6186
23437
20443
25403
5420
17495
3147
1730
26714
14540
28469
32364
31836
30465
1061
5676
25007
12432
19748
17268
1354
30370
20094
4590
14978
11341
1993
18541
7211
29473
32290
23075
2304
17917
15290
30740
16197
13863
26770
22218
23466
32412
24706
31819
16243
24997
27264
10824
8662
1195
29983
14487
20644
15948
31830
29668
25644
2735
31875
21667
27229
6676
5807
8776
19754
11695
18964
22203
30771
14006
26332
22022
417
27577
7724
20049
23121
18482
21345
21521
18742
10845
4762
3708
13816
841
20598
2112
1761
19759
22303
30836
5626
15364
1159
6095
369
23626
15857
22040
23358
5163
15540
989
31750
15048
6203
17512
32064
14799
12625
23535
7830
27979
25243
11787
6798
13761
6758
107
11881
28792
16804
21962
22860
18968
5168
29982
5789
8055
20058
28947
6064
24751
21407
17335
16547
10868
12984
21111
27782
2468
10967
28234
15551
7456
5677
9260
30637
2523
23983
29134
14988
30000
23066
12940
665
31097
17972
22687
20854
18653
9813
18068
28879
29289
18727
23804
6462
32098
17834
4198
108
20186
6779
7050
4730
3458
21077
8647
23199
30655
20952
21968
24338
24576
12937
30882
29738
17230
20251
17593
19139
11813
25837
6531
15845
25474
28371
31509
9120
31293
7449
14877
9530
25753
3781
22551
25229
5658
12317
31684
25770
15254
25193
2520
9154
14735
20730
13811
9287
25792
5995
8147
28494
10486
7463
20680
27192
4641
18987
11624
20881
27563
30990
12163
23352
27144
19006
31834
17344
4751
15500
11019
19223
21896
12011
20304
25701
3718
12148
7273
7479
24311
15278
13399
32733
5881
22029
30539
29968
8303
5304
26462
26841
8276
3471
29826
13998
16976
17261
17593
8413
25225
30890
19589
22318
2492
2789
19359
20675
28556
15360
491
32068
30490
3179
12460
4409
22997
2726
15349
29111
29844
15361
96
831
27362
679
12545
24547
5272
9434
20893
14506
27058
22912
8472
26166
24667
32223
2093
27812
29002
22693
24674
30388
13905
3627
10042
3114
22323
10746
29100
1908
14519
24975
13268
3724
8698
29787
12521
4896
19465
19726
10095
7665
4015
18453
3501
27001
9612
17249
29282
4048
11367
23403
21940
20432
27078
31093
3689
11640
30907
5906
3929
29070
23296
23272
8483
19592
8262
29365
25632
8365
6091
20112
11925
14200
16427
8562
6957
26173
27000
19188
23462
26126
15756
3674
9162
25312
8862
15057
16545
1514
11284
10485
12261
32590
3480
12694
19382
21243
17518
444
24207
27858
27397
28648
13177
16392
27340
13981
30334
30155
70
14367
31073
28456
17761
12155
12428
7724
13828
29383
31818
31305
25319
10923
4662
5116
18087
8993
6900
2989
28954
6520
22558
28631
31968
11167
26241
18024
826
19616
28810
17771
543
25195
25851
32484
26765
28885
1506
1019
15646
30176
25548
17245
4827
23357
6454
9952
16468
8463
23108
13414
3313
9714
11446
13827
18563
12348
23575
11618
286
7299
32311
5732
19243
21855
7132
15627
20409
30832
20917
10903
5396
19619
32143
28142
13721
28082
19403
17217
30920
20714
14608
24301
667
1841
23613
24479
3350
24647
3234
11196
24608
21324
14447
15872
31633
20611
32620
9573
10124
24661
26091
15430
24335
13209
13308
23236
18632
2322
21727
2153
12843
3129
19135
28939
16577
4413
2717
8435
19907
21065
21642
19519
8167
4613
23577
9605
30586
18271
21780
1977
8367
13963
14446
30545
55
6984
21881
16038
19985
18534
857
10654
29348
24709
1721
9352
14859
3103
32700
16967
20912
20681
29750
28083
17436
28085
18973
19004
26381
24956
17978
2001
28617
32026
25380
11776
8627
10298
5231
8798
19228
15029
18977
28201
1115
3925
18533
1836
25888
13278
10116
8163
9221
23119
4112
17120
21606
28517
1891
15725
13939
31329
24648
7539
19843
10763
9207
18074
12460
13047
1863
25266
18832
25351
16415
12626
30073
3633
20269
31422
15529
14466
4571
10766
5099
8547
12415
21133
23662
5148
15570
9312
5587
8598
5284
5224
30341
10085
23758
15209
24137
18437
10343
12395
22294
14436
8251
25184
6182
1697
15992
13576
16205
15892
29355
25874
13450
3214
16875
30596
27612
19682
14164
14428
31062
6820
14520
3191
11126
21296
5008
6835
8115
10222
22073
4177
1365
9685
18781
1181
649
22062
7599
16336
28597
23707
8667
26933
23817
13911
5308
24715
5719
32447
26576
18091
6436
23826
1514
31082
12543
32629
29223
1729
11793
18234
21283
23339
27126
2657
15981
12111
3787
3679
22584
30943
21640
8223
6995
25280
10384
27975
23899
4203
29575
700
25391
12435
29028
5224
6564
8968
20423
29243
18042
13787
1676
20079
17807
15811
7840
14609
9811
3519
23315
29885
15740
4605
30831
2217
32507
4603
30281
13284
13358
24044
7957
9696
25175
27485
16959
8239
30029
9496
21623
25994
625
29256
27212
6679
14308
14559
16636
30956
19447
24373
18826
719
227
4337
27154
2623
4283
19245
26970
16569
5534
29653
14505
10548
16945
80
4060
5102
32332
28515
4022
1898
15348
6738
24184
15033
6282
8520
29361
1274
7745
30456
88
26141
14806
20357
15384
3308
14459
30367
26859
32331
25108
20720
25578
16830
933
3254
8804
14125
32267
17841
22061
31204
11499
8255
11320
29918
14825
8134
22888
3139
12314
15442
27044
47
25531
31615
1322
27829
547
4250
8229
2852
24054
18435
18561
6280
19356
16853
1534
1396
8689
16329
131
21247
13118
2648
24758
16653
21097
12576
7881
12752
14440
10889
13206
26254
24059
5800
24559
31140
7579
10596
32303
14795
12717
32727
4629
19098
25340
25847
2771
11852
31590
18805
27489
7364
20694
29413
19735
19406
31858
9760
28795
3240
4629
20710
20568
25281
27647
30408
27408
30656
24267
25925
13874
4296
27042
29492
28751
26874
13999
20322
17674
5436
32722
8827
30575
21817
11161
2094
1670
30121
13932
9100
39
10195
15367
21169
30223
29264
13614
17831
18740
7953
15771
31879
16214
19108
30268
28897
5847
30898
22427
28254
3276
20941
2206
24228
2388
28264
3440
3194
26153
21287
25279
8749
884
602
22824
26418
7910
18116
17647
268
8452
7072
22004
15217
21698
21990
11234
7080
15700
29386
31402
17205
32321
12165
21296
26040
2489
20057
25667
22035
2344
11471
18387
28363
13323
3908
12382
22961
2307
17827
2732
31425
7463
3444
26556
586
30111
21782
17150
27215
8047
17480
30915
25389
31120
11759
241
29567
25925
20243
16891
20287
20652
32554
4112
10798
20371
13721
11411
2421
13966
2168
22988
22668
27718
2197
22237
17755
25876
7868
22519
10143
31951
20022
20173
30608
8930
144
5961
6081
3233
16030
23678
30279
25053
31422
18911
18717
6069
20577
23726
27079
28080
23752
27063
5174
16649
5388
11069
3308
10826
15713
27445
29280
6428
26011
7602
15780
25182
3826
32673
13893
29812
24322
3510
23923
9698
1046
26534
5217
21017
11941
29591
495
14480
17437
21972
31623
21015
12000
4294
30020
4201
28556
24864
15706
15360
21376
10841
1714
25645
29852
1887
1748
5479
26183
21386
11018
18916
13239
16334
10434
18534
4973
18486
27957
25944
29694
7565
12358
23065
17945
22366
11949
9880
10182
544
20308
12577
21740
23978
14337
6262
278
24557
5430
27682
32374
20449
6486
16138
22059
3264
30472
18501
13759
21875
23264
1581
22004
9289
10301
6070
16064
29423
32109
16383
3222
31389
17176
18471
6887
17549
19163
13154
14313
7857
16691
31052
17815
18597
30365
14973
27641
27875
17403
9053
16549
14902
3642
28985
1926
12657
11570
19863
28892
31584
14797
29639
30852
23295
1900
21691
19066
4074
19590
11545
20636
15637
16018
16781
19888
10173
9512
13668
10665
25246
10339
12119
21286
14695
24201
16548
23100
28779
23790
16996
10357
11417
20501
7448
31256
6062
24345
11909
31915
5289
24139
16834
14007
6271
5405
19855
7371
31505
6975
27880
30659
21595
4359
17882
74
14830
14102
21142
21406
28832
10553
16580
9620
26242
16525
23321
21467
2322
24807
12588
16004
19378
13682
29061
2498
29273
8346
10743
11503
29833
25385
25137
29392
3201
16048
17551
20250
18099
5929
18742
11573
9592
22490
5983
7231
11523
8061
4339
31828
27539
30621
15449
4365
20973
6979
139
7494
28682
4306
26480
27685
27149
6960
23142
27480
14712
17958
3357
15005
3742
4618
2732
21640
26204
667
6366
13441
10244
5420
26061
7692
24474
25093
13235
26957
26691
27910
30460
30923
6906
27021
6816
15476
21893
30106
24239
26081
28071
4145
1326
12764
25752
20224
